Rx 0.00523571 1 1 1 8 467857
Rx 0.00523571 1 2 1 8 467857
Rx 0.00523571 1 3 1 8 467857
Rx 0.00523571 1 4 1 8 467857
Rx 0.00548571 1 5 1 8 467857
Rx 0.00548571 1 6 1 8 467857
Rx 0.00548571 1 7 1 8 467857
Rx 0.0259857 1 1 1 8 0
Rx 0.0259857 1 2 1 8 0
Rx 0.0259857 1 4 1 8 0
Tx 0.0347679 1 5 1 2 
Tx 0.0347679 1 5 1 7 
Tx 0.0347679 1 6 1 2 
Tx 0.0347679 1 6 1 7 
Tx 0.0347679 1 7 1 2 
Tx 0.0347679 1 7 1 7 
Tx 0.0350179 1 3 1 2 
Tx 0.0350179 1 3 1 7 
Rx 0.0352357 1 5 1 2 0
Rx 0.0352357 1 5 1 7 467857
Rx 0.0352357 1 6 1 2 0
Rx 0.0352357 1 6 1 7 467857
Rx 0.0354857 1 3 1 2 0
Rx 0.0354857 1 3 1 7 467857
Tx 0.0547679 1 4 1 2 
Tx 0.0547679 1 4 1 7 
Tx 0.0547679 1 7 1 2 
Rx 0.0552357 1 4 1 2 0
Rx 0.0552357 1 4 1 7 467857
Rx 0.0552357 1 7 1 2 0
Rx 0.0552357 1 7 1 8 0
Rx 0.0554857 1 7 1 7 0
Tx 0.0747679 1 1 1 2 
Tx 0.0747679 1 1 1 7 
Tx 0.0747679 1 2 1 2 
Tx 0.0747679 1 2 1 7 
Rx 0.0752357 1 1 1 2 0
Rx 0.0752357 1 1 1 7 467857
Rx 0.0752357 1 2 1 2 0
Rx 0.0752357 1 2 1 7 467857
Rx 0.0762357 1 7 1 7 0
Rx 0.0959857 1 2 1 7 0
Tx 0.400768 1 1 3 372 
Tx 0.400768 1 2 3 372 
Tx 0.400768 1 3 3 372 
Tx 0.400768 1 4 3 372 
Tx 0.400768 1 5 3 372 
Tx 0.400768 1 6 3 372 
Tx 0.400768 1 7 3 372 
Tx 0.401018 1 1 3 372 
Tx 0.401018 1 2 3 372 
Tx 0.401018 1 3 3 372 
Tx 0.401018 1 4 3 372 
Tx 0.401018 1 5 3 372 
Tx 0.401018 1 6 3 372 
Tx 0.401018 1 7 3 372 
Tx 0.401268 1 1 3 372 
Tx 0.401268 1 2 3 372 
Tx 0.401268 1 3 3 372 
Tx 0.401268 1 4 3 372 
Tx 0.401268 1 5 3 372 
Tx 0.401268 1 6 3 372 
Tx 0.401268 1 7 3 372 
Rx 0.401325 1 6 3 372 0
Rx 0.401325 1 1 3 372 0
Rx 0.401325 1 7 3 372 0
Rx 0.401432 1 5 3 372 0
Rx 0.401432 1 3 3 372 0
Rx 0.401432 1 4 3 372 0
Tx 0.401518 1 1 3 1874 
Rx 0.401575 1 6 3 372 0
Rx 0.401575 1 1 3 372 0
Rx 0.401575 1 7 3 372 0
Rx 0.401682 1 5 3 372 0
Rx 0.401682 1 3 3 372 0
Rx 0.401682 1 4 3 372 0
Rx 0.401825 1 6 3 372 0
Rx 0.401825 1 1 3 372 0
Rx 0.401825 1 7 3 372 0
Rx 0.401932 1 5 3 372 0
Rx 0.401932 1 3 3 372 0
Rx 0.401932 1 4 3 372 0
Rx 0.401932 1 2 3 372 0
Rx 0.402004 1 1 3 1874 0
Tx 0.402018 1 1 3 1492 
Tx 0.402018 1 2 3 2071 
Tx 0.402018 1 3 3 2590 
Tx 0.402018 1 4 3 2827 
Tx 0.402018 1 5 3 3299 
Tx 0.402018 1 6 3 3365 
Tx 0.402018 1 7 3 2827 
Tx 0.402268 1 2 3 1296 
Tx 0.402268 1 3 3 777 
Tx 0.402268 1 4 3 540 
Tx 0.402268 1 5 3 68 
Tx 0.402268 1 7 3 540 
Rx 0.402504 1 6 3 3365 0
Rx 0.402504 1 7 3 2827 0
Rx 0.402593 1 1 3 1492 0
Rx 0.402629 1 4 3 2827 0
Rx 0.402664 1 3 3 2590 0
Rx 0.402682 1 2 3 2071 0
Rx 0.402754 1 7 3 540 0
Rx 0.402879 1 4 3 540 0
Rx 0.402914 1 3 3 777 0
Rx 0.402932 1 2 3 1296 0
Tx 0.403518 1 1 3 1492 
Tx 0.403518 1 2 3 1492 
Tx 0.403518 1 3 3 1492 
Tx 0.403518 1 4 3 1492 
Tx 0.403518 1 5 3 1492 
Tx 0.403518 1 6 3 1492 
Tx 0.403518 1 7 3 1492 
Rx 0.403986 1 1 3 1492 0
Rx 0.404111 1 4 3 1492 0
Rx 0.404129 1 2 3 1492 0
Tx 0.404518 1 1 3 1492 
Tx 0.404518 1 2 3 1492 
Tx 0.404518 1 3 3 1492 
Tx 0.404518 1 4 3 1492 
Tx 0.404518 1 5 3 1492 
Rx 0.404986 1 1 3 1492 0
Rx 0.405111 1 5 3 1492 0
Tx 0.405518 1 1 3 1492 
Tx 0.405518 1 2 3 1410 
Tx 0.405518 1 3 3 1492 
Tx 0.405518 1 4 3 1492 
Tx 0.405518 1 5 3 1492 
Tx 0.405768 1 2 3 84 
Rx 0.405986 1 1 3 1492 0
Rx 0.406111 1 4 3 1492 0
Rx 0.406129 1 3 3 1492 0
Rx 0.406182 1 2 3 1410 0
Rx 0.406236 1 2 3 84 0
Tx 0.406268 1 2 3 841 
Tx 0.406518 1 1 3 1492 
Tx 0.406518 1 2 3 653 
Tx 0.406518 1 3 3 1492 
Tx 0.406518 1 4 3 1492 
Tx 0.406518 1 5 3 1492 
Rx 0.406736 1 2 3 841 0
Rx 0.406986 1 1 3 1492 0
Tx 0.407018 1 2 3 935 
Rx 0.407093 1 5 3 1492 0
Rx 0.407129 1 3 3 1492 0
Rx 0.407486 1 2 3 935 0
Tx 0.407518 1 1 3 1492 
Tx 0.407518 1 2 3 559 
Tx 0.407518 1 3 3 1492 
Tx 0.407518 1 4 3 1492 
Tx 0.407518 1 5 3 1492 
Rx 0.407986 1 1 3 1492 0
Tx 0.408018 1 2 3 935 
Rx 0.408111 1 4 3 1492 0
Tx 0.408518 1 1 3 1492 
Tx 0.408518 1 2 3 559 
Tx 0.408518 1 3 3 1492 
Tx 0.408518 1 4 3 1492 
Tx 0.408518 1 5 3 1492 
Rx 0.408986 1 1 3 1492 0
Tx 0.409018 1 2 3 1030 
Rx 0.409111 1 4 3 1492 0
Rx 0.409146 1 2 3 559 0
Rx 0.409164 1 3 3 1492 0
Rx 0.409504 1 2 3 1030 0
Tx 0.409518 1 1 3 1492 
Tx 0.409518 1 2 3 464 
Tx 0.409518 1 3 3 1492 
Tx 0.409518 1 4 3 1492 
Tx 0.409518 1 5 3 1492 
Rx 0.409986 1 1 3 1492 0
Tx 0.410018 1 2 3 1007 
Rx 0.410111 1 5 3 1492 0
Tx 0.410518 1 1 3 1492 
Tx 0.410518 1 2 3 487 
Tx 0.410518 1 3 3 888 
Tx 0.410518 1 4 3 1492 
Tx 0.410518 1 5 3 1492 
Tx 0.410768 1 3 3 606 
Rx 0.410986 1 1 3 1492 0
Tx 0.411018 1 2 3 841 
Rx 0.411111 1 5 3 1492 0
Rx 0.411111 1 4 3 1492 0
Rx 0.411182 1 3 3 888 0
Tx 0.411268 1 3 3 1291 
Rx 0.411307 1 3 3 606 0
Rx 0.411486 1 2 3 841 0
Tx 0.411518 1 1 3 1492 
Tx 0.411518 1 3 3 203 
Tx 0.411518 1 4 3 1291 
Tx 0.411518 1 5 3 1492 
Rx 0.412182 1 4 3 1291 0
Rx 0.412182 1 1 3 1492 0
Tx 0.412268 1 2 3 1173 
Tx 0.412268 1 3 3 293 
Tx 0.412268 1 4 3 1410 
Tx 0.412268 1 5 3 657 
Tx 0.412518 1 1 3 1492 
Tx 0.412518 1 2 3 974 
Tx 0.412518 1 3 3 293 
Tx 0.412518 1 4 3 287 
Tx 0.412518 1 5 3 837 
Tx 0.412768 1 3 3 888 
Rx 0.412879 1 5 3 657 0
Rx 0.412896 1 3 3 293 0
Tx 0.413018 1 2 3 1492 
Tx 0.413018 1 3 3 1007 
Tx 0.413018 1 4 3 1291 
Tx 0.413018 1 5 3 1492 
Rx 0.413164 1 1 3 1492 0
Rx 0.413182 1 5 3 837 0
Rx 0.413182 1 3 3 293 0
Tx 0.413268 1 3 3 467 
Rx 0.413432 1 3 3 888 0
Rx 0.413486 1 4 3 1291 0
Rx 0.413504 1 2 3 1492 0
Tx 0.413518 1 1 3 1492 
Tx 0.413518 1 3 3 46 
Tx 0.413518 1 4 3 203 
Rx 0.413736 1 3 3 467 0
Tx 0.414018 1 3 3 1054 
Tx 0.414018 1 4 3 1492 
Rx 0.414182 1 1 3 1492 0
Tx 0.414518 1 1 3 1492 
Tx 0.414518 1 2 3 841 
Tx 0.414518 1 3 3 440 
Tx 0.414518 1 5 3 1054 
Tx 0.414768 1 2 3 653 
Tx 0.414768 1 5 3 440 
Tx 0.415018 1 3 3 935 
Rx 0.415164 1 2 3 841 0
Rx 0.415182 1 1 3 1492 0
Tx 0.415268 1 2 3 841 
Tx 0.415268 1 5 3 793 
Rx 0.415343 1 2 3 653 0
Rx 0.415343 1 5 3 440 0
Rx 0.415486 1 3 3 935 0
Tx 0.415518 1 1 3 1492 
Tx 0.415518 1 2 3 653 
Tx 0.415518 1 3 3 467 
Rx 0.415754 1 5 3 793 0
Tx 0.415768 1 3 3 94 
Tx 0.416018 1 2 3 935 
Tx 0.416018 1 3 3 1410 
Rx 0.416182 1 1 3 1492 0
Rx 0.416432 1 3 3 94 0
Tx 0.416518 1 1 3 1492 
Tx 0.416518 1 2 3 443 
Tx 0.416518 1 3 3 84 
Rx 0.416575 1 3 3 1410 0
Rx 0.416629 1 2 3 935 0
Tx 0.416768 1 2 3 118 
Tx 0.417018 1 2 3 752 
Tx 0.417018 1 3 3 1492 
Rx 0.417146 1 1 3 1492 0
Rx 0.417182 1 2 3 443 0
Tx 0.417268 1 2 3 657 
Rx 0.417486 1 3 3 1492 0
Tx 0.417518 1 1 3 1492 
Tx 0.417518 1 2 3 87 
Rx 0.417736 1 2 3 657 0
Tx 0.418018 1 2 3 1007 
Rx 0.418164 1 1 3 1492 0
Rx 0.418182 1 2 3 87 0
Rx 0.418486 1 2 3 1007 0
Tx 0.418518 1 1 3 1492 
Tx 0.418518 1 2 3 487 
Tx 0.419018 1 2 3 1007 
Rx 0.419182 1 1 3 1492 0
Tx 0.419518 1 1 3 1492 
Tx 0.419518 1 2 3 487 
Tx 0.420018 1 2 3 935 
Rx 0.420182 1 1 3 1492 0
Rx 0.420486 1 2 3 935 0
Tx 0.420518 1 1 3 1492 
Tx 0.420518 1 2 3 559 
Tx 0.421018 1 2 3 1007 
Rx 0.421182 1 1 3 1492 0
Rx 0.421486 1 2 3 1007 0
Tx 0.421518 1 1 3 1492 
Tx 0.421518 1 2 3 487 
Tx 0.422018 1 2 3 1492 
Rx 0.422182 1 1 3 1492 0
Tx 0.422518 1 1 3 1492 
Rx 0.423182 1 1 3 1492 0
Tx 0.423518 1 1 3 1492 
Tx 0.423518 1 2 3 1492 
Rx 0.424164 1 1 3 1492 0
Tx 0.424518 1 1 3 1492 
Tx 0.424518 1 2 3 1315 
Tx 0.424768 1 2 3 179 
Rx 0.425164 1 1 3 1492 0
Rx 0.425182 1 2 3 1315 0
Tx 0.425268 1 2 3 935 
Rx 0.425379 1 2 3 179 0
Tx 0.425518 1 1 3 1492 
Tx 0.425518 1 2 3 559 
Rx 0.425736 1 2 3 935 0
Tx 0.426018 1 2 3 935 
Rx 0.426182 1 1 3 1492 0
Rx 0.426486 1 2 3 935 0
Tx 0.426518 1 1 3 1492 
Tx 0.426518 1 2 3 559 
Tx 0.427018 1 2 3 935 
Rx 0.427182 1 1 3 1492 0
Rx 0.427486 1 2 3 935 0
Tx 0.427518 1 1 3 1492 
Tx 0.427518 1 2 3 559 
Tx 0.428018 1 2 3 1492 
Rx 0.428182 1 1 3 1492 0
Tx 0.428518 1 1 3 1492 
Rx 0.429164 1 1 3 1492 0
Tx 0.429518 1 1 3 1492 
Tx 0.429518 1 2 3 1492 
Rx 0.430164 1 1 3 1492 0
Tx 0.430518 1 1 3 1492 
Tx 0.430518 1 2 3 841 
Tx 0.430768 1 2 3 653 
Rx 0.431182 1 1 3 1492 0
Tx 0.431268 1 2 3 793 
Rx 0.431432 1 2 3 653 0
Tx 0.431518 1 1 3 1492 
Tx 0.431518 1 2 3 701 
Rx 0.431754 1 2 3 793 0
Tx 0.432018 1 2 3 935 
Rx 0.432182 1 1 3 1492 0
Rx 0.432486 1 2 3 935 0
Tx 0.432518 1 1 3 1492 
Tx 0.432518 1 2 3 559 
Tx 0.433018 1 2 3 935 
Rx 0.433182 1 1 3 1492 0
Tx 0.433518 1 1 3 1492 
Tx 0.433518 1 2 3 559 
Tx 0.434018 1 2 3 752 
Rx 0.434182 1 1 3 1492 0
Rx 0.434486 1 2 3 752 0
Tx 0.434518 1 1 3 1492 
Tx 0.434518 1 2 3 742 
Tx 0.435018 1 2 3 1054 
Rx 0.435182 1 1 3 1492 0
Tx 0.435518 1 1 3 1492 
Tx 0.435518 1 2 3 440 
Rx 0.435629 1 2 3 1054 0
Tx 0.436018 1 2 3 1054 
Rx 0.436182 1 1 3 1492 0
Tx 0.436518 1 1 3 1492 
Tx 0.436518 1 2 3 440 
Tx 0.437018 1 2 3 935 
Rx 0.437146 1 1 3 1492 0
Rx 0.437182 1 2 3 440 0
Tx 0.437518 1 1 3 1492 
Tx 0.437518 1 2 3 559 
Rx 0.438164 1 1 3 1492 0
Rx 0.438182 1 2 3 559 0
Tx 0.438518 1 1 3 1492 
Tx 0.438518 1 2 3 1007 
Tx 0.438768 1 2 3 487 
Rx 0.439182 1 1 3 1492 0
Tx 0.439518 1 1 3 1492 
Tx 0.439518 1 2 3 1315 
Tx 0.439768 1 2 3 179 
Rx 0.440164 1 1 3 1492 0
Rx 0.440182 1 2 3 1315 0
Tx 0.440268 1 2 3 935 
Rx 0.440379 1 2 3 179 0
Tx 0.440518 1 1 3 1492 
Tx 0.440518 1 2 3 559 
Rx 0.440932 1 2 3 935 0
Tx 0.441018 1 2 3 935 
Rx 0.441182 1 1 3 1492 0
Tx 0.441518 1 1 3 1492 
Tx 0.441518 1 2 3 559 
Rx 0.441682 1 2 3 935 0
Rx 0.442182 1 1 3 1492 0
Rx 0.442182 1 2 3 559 0
Tx 0.442518 1 1 3 1492 
Tx 0.442518 1 2 3 1173 
Tx 0.442768 1 2 3 321 
Rx 0.443182 1 1 3 1492 0
Rx 0.443182 1 2 3 1173 0
Tx 0.443268 1 2 3 1492 
Tx 0.443268 1 3 3 372 
Tx 0.443268 1 4 3 372 
Tx 0.443268 1 5 3 372 
Tx 0.443268 1 6 3 372 
Tx 0.443268 1 7 3 372 
Rx 0.443432 1 2 3 321 0
Tx 0.443518 1 1 3 1492 
Tx 0.443518 1 3 3 246 
Tx 0.443518 1 4 3 246 
Tx 0.443518 1 5 3 246 
Tx 0.443518 1 6 3 246 
Tx 0.443518 1 7 3 246 
Tx 0.443768 1 3 3 309 
Tx 0.443768 1 4 3 309 
Tx 0.443768 1 5 3 309 
Tx 0.443768 1 6 3 309 
Tx 0.443768 1 7 3 309 
Rx 0.443825 1 4 3 372 0
Rx 0.443825 1 5 3 372 0
Rx 0.443932 1 3 3 372 0
Rx 0.443932 1 7 3 372 0
Rx 0.443932 1 6 3 372 0
Tx 0.444018 1 3 3 4716 
Tx 0.444018 1 4 3 1173 
Tx 0.444018 1 5 3 8262 
Tx 0.444018 1 6 3 5072 
Tx 0.444018 1 7 3 10507 
Rx 0.444111 1 4 3 246 0
Rx 0.444111 1 5 3 246 0
Rx 0.444111 1 3 3 246 0
Rx 0.444129 1 1 3 1492 0
Rx 0.444182 1 7 3 246 0
Rx 0.444182 1 6 3 246 0
Tx 0.444268 1 3 3 1723 
Tx 0.444268 1 4 3 1173 
Tx 0.444268 1 5 3 8262 
Tx 0.444268 1 6 3 7079 
Tx 0.444268 1 7 3 10860 
Rx 0.444343 1 5 3 309 0
Rx 0.444432 1 7 3 309 0
Rx 0.444432 1 6 3 309 0
Rx 0.444432 1 4 3 309 0
Rx 0.444432 1 3 3 309 0
Tx 0.444518 1 1 3 1492 
Tx 0.444518 1 2 3 1492 
Tx 0.444518 1 3 3 2321 
Tx 0.444518 1 4 3 5190 
Tx 0.444518 1 5 3 6608 
Tx 0.444518 1 6 3 3394 
Tx 0.444518 1 7 3 8025 
Rx 0.444593 1 5 3 8262 0
Rx 0.444682 1 7 3 10507 0
Rx 0.444682 1 4 3 1173 0
Tx 0.444768 1 3 3 935 
Tx 0.444768 1 4 3 5190 
Tx 0.444768 1 5 3 6608 
Tx 0.444768 1 6 3 3773 
Tx 0.444768 1 7 3 8405 
Rx 0.444843 1 5 3 8262 0
Rx 0.444932 1 7 3 10860 0
Rx 0.444932 1 4 3 1173 0
Rx 0.444932 1 3 3 1723 0
Tx 0.445018 1 3 3 7554 
Tx 0.445018 1 4 3 10388 
Tx 0.445018 1 5 3 13223 
Rx 0.445111 1 5 3 6608 0
Rx 0.445111 1 3 3 2321 0
Rx 0.445129 1 1 3 1492 0
Rx 0.445182 1 7 3 8025 0
Tx 0.445268 1 3 3 9066 
Tx 0.445268 1 4 3 7930 
Tx 0.445268 1 5 3 1574 
Rx 0.445432 1 7 3 8405 0
Rx 0.445432 1 4 3 5190 0
Rx 0.445432 1 3 3 935 0
Tx 0.445518 1 1 3 1492 
Tx 0.445518 1 2 3 1196 
Tx 0.445518 1 3 3 2827 
Tx 0.445518 1 4 3 3889 
Tx 0.445768 1 2 3 298 
Tx 0.445768 1 3 3 4621 
Tx 0.445768 1 4 3 6608 
Rx 0.445932 1 4 3 7930 0
Rx 0.445932 1 3 3 9066 0
Tx 0.446018 1 3 3 8589 
Tx 0.446018 1 4 3 5286 
Rx 0.446182 1 4 3 3889 0
Rx 0.446182 1 3 3 2827 0
Tx 0.446268 1 2 3 467 
Rx 0.446432 1 4 3 6608 0
Rx 0.446432 1 3 3 4621 0
Tx 0.446518 1 1 3 1492 
Tx 0.446518 1 2 3 372 
Tx 0.446518 1 5 3 1492 
Rx 0.446682 1 4 3 5286 0
Tx 0.446768 1 2 3 657 
Rx 0.446825 1 2 3 467 0
Tx 0.447018 1 2 3 1315 
Rx 0.447146 1 5 3 1492 0
Rx 0.447182 1 1 3 1492 0
Rx 0.447182 1 2 3 372 0
Tx 0.447268 1 2 3 179 
Rx 0.447432 1 2 3 657 0
Tx 0.447518 1 1 3 1492 
Tx 0.447518 1 3 3 1410 
Tx 0.447518 1 4 3 1492 
Tx 0.447518 1 5 3 1173 
Rx 0.447629 1 2 3 1315 0
Rx 0.447754 1 2 3 179 0
Tx 0.447768 1 3 3 84 
Tx 0.447768 1 5 3 321 
Rx 0.448164 1 1 3 1492 0
Rx 0.448182 1 4 3 1492 0
Rx 0.448182 1 5 3 1173 0
Tx 0.448268 1 3 3 396 
Tx 0.448268 1 5 3 1492 
Rx 0.448361 1 5 3 321 0
Tx 0.448518 1 1 3 1492 
Tx 0.448518 1 2 3 285 
Tx 0.448518 1 3 3 396 
Tx 0.448518 1 4 3 1492 
Rx 0.448736 1 3 3 396 0
Tx 0.448768 1 2 3 1157 
Tx 0.448768 1 3 3 704 
Tx 0.449018 1 2 3 285 
Tx 0.449018 1 3 3 1196 
Rx 0.449164 1 2 3 285 0
Rx 0.449182 1 1 3 1492 0
Tx 0.449268 1 2 3 935 
Rx 0.449414 1 3 3 704 0
Rx 0.449432 1 2 3 1157 0
Rx 0.449486 1 2 3 285 0
Tx 0.449518 1 1 3 1492 
Tx 0.449518 1 2 3 330 
Tx 0.449518 1 3 3 298 
Rx 0.449521 1 3 3 1196 0
Tx 0.450018 1 2 3 752 
Tx 0.450018 1 3 3 1410 
Rx 0.450182 1 1 3 1492 0
Tx 0.450518 1 1 3 1492 
Tx 0.450518 1 2 3 742 
Tx 0.450518 1 3 3 84 
Rx 0.450611 1 3 3 1410 0
Rx 0.450611 1 2 3 752 0
Tx 0.451018 1 2 3 1492 
Tx 0.451018 1 3 3 1492 
Rx 0.451182 1 1 3 1492 0
Tx 0.451518 1 1 3 1492 
Rx 0.452164 1 1 3 1492 0
Tx 0.452518 1 1 3 1492 
Tx 0.452518 1 2 3 1157 
Tx 0.452518 1 3 3 1492 
Tx 0.452768 1 2 3 337 
Rx 0.453129 1 1 3 1492 0
Rx 0.453146 1 3 3 1492 0
Rx 0.453182 1 2 3 1157 0
Tx 0.453268 1 2 3 514 
Rx 0.453396 1 2 3 337 0
Tx 0.453518 1 1 3 1492 
Tx 0.453518 1 2 3 980 
Tx 0.453518 1 3 3 1492 
Rx 0.453736 1 2 3 514 0
Tx 0.454018 1 2 3 1157 
Rx 0.454146 1 1 3 1492 0
Rx 0.454164 1 3 3 1492 0
Rx 0.454504 1 2 3 1157 0
Tx 0.454518 1 1 3 1492 
Tx 0.454518 1 2 3 337 
Tx 0.454518 1 3 3 1492 
Tx 0.455018 1 2 3 578 
Rx 0.455164 1 1 3 1492 0
Rx 0.455182 1 3 3 1492 0
Rx 0.455486 1 2 3 578 0
Tx 0.455518 1 1 3 1492 
Tx 0.455518 1 2 3 916 
Tx 0.455518 1 3 3 1492 
Tx 0.456018 1 2 3 1492 
Rx 0.456164 1 1 3 1492 0
Rx 0.456182 1 3 3 1492 0
Rx 0.456504 1 2 3 1492 0
Tx 0.456518 1 1 3 1492 
Tx 0.456518 1 3 3 1492 
Rx 0.457164 1 1 3 1492 0
Tx 0.457518 1 1 3 1492 
Tx 0.457518 1 2 3 1492 
Tx 0.457518 1 3 3 1492 
Rx 0.458164 1 1 3 1492 0
Rx 0.458182 1 2 3 1492 0
Tx 0.458518 1 1 3 1492 
Tx 0.458518 1 2 3 1492 
Tx 0.458518 1 3 3 1492 
Rx 0.459146 1 1 3 1492 0
Rx 0.459182 1 3 3 1492 0
Tx 0.459518 1 1 3 1492 
Tx 0.459518 1 2 3 1157 
Tx 0.459518 1 3 3 1492 
Tx 0.459768 1 2 3 337 
Rx 0.460129 1 1 3 1492 0
Rx 0.460146 1 3 3 1492 0
Rx 0.460182 1 2 3 1157 0
Tx 0.460268 1 2 3 1054 
Rx 0.460414 1 2 3 337 0
Tx 0.460518 1 1 3 1492 
Tx 0.460518 1 2 3 440 
Tx 0.460518 1 3 3 1492 
Tx 0.461018 1 2 3 935 
Rx 0.461164 1 1 3 1492 0
Rx 0.461486 1 2 3 935 0
Tx 0.461518 1 1 3 1492 
Tx 0.461518 1 2 3 559 
Tx 0.461518 1 3 3 1492 
Tx 0.462018 1 2 3 935 
Rx 0.462129 1 1 3 1492 0
Rx 0.462146 1 3 3 1492 0
Tx 0.462518 1 1 3 1492 
Tx 0.462518 1 2 3 559 
Tx 0.462518 1 3 3 1492 
Tx 0.463018 1 2 3 752 
Rx 0.463146 1 1 3 1492 0
Rx 0.463486 1 2 3 752 0
Tx 0.463518 1 1 3 1492 
Tx 0.463518 1 2 3 742 
Tx 0.463518 1 3 3 1492 
Tx 0.464018 1 2 3 935 
Rx 0.464146 1 1 3 1492 0
Rx 0.464164 1 3 3 1492 0
Rx 0.464486 1 2 3 935 0
Tx 0.464518 1 1 3 1492 
Tx 0.464518 1 2 3 559 
Tx 0.464518 1 3 3 1492 
Tx 0.465018 1 2 3 1054 
Rx 0.465164 1 1 3 1492 0
Rx 0.465486 1 2 3 1054 0
Tx 0.465518 1 1 3 1492 
Tx 0.465518 1 2 3 440 
Tx 0.465518 1 3 3 1492 
Tx 0.466018 1 2 3 1173 
Rx 0.466146 1 1 3 1492 0
Rx 0.466164 1 3 3 1492 0
Tx 0.466518 1 1 3 1492 
Tx 0.466518 1 2 3 321 
Tx 0.466518 1 3 3 1492 
Tx 0.467018 1 2 3 841 
Rx 0.467164 1 1 3 1492 0
Rx 0.467182 1 3 3 1492 0
Tx 0.467518 1 1 3 1492 
Tx 0.467518 1 2 3 653 
Tx 0.467518 1 3 3 1492 
Tx 0.468018 1 2 3 1157 
Rx 0.468164 1 1 3 1492 0
Tx 0.468518 1 1 3 1492 
Tx 0.468518 1 2 3 337 
Tx 0.468518 1 3 3 1492 
Rx 0.468611 1 2 3 1157 0
Tx 0.469018 1 2 3 841 
Rx 0.469164 1 1 3 1492 0
Rx 0.469182 1 3 3 1492 0
Rx 0.469486 1 2 3 841 0
Tx 0.469518 1 1 3 1492 
Tx 0.469518 1 2 3 653 
Tx 0.469518 1 3 3 1492 
Tx 0.470018 1 2 3 1007 
Rx 0.470164 1 1 3 1492 0
Tx 0.470518 1 1 3 1492 
Tx 0.470518 1 2 3 487 
Tx 0.470518 1 3 3 1492 
Tx 0.471018 1 2 3 1030 
Rx 0.471146 1 1 3 1492 0
Rx 0.471164 1 2 3 487 0
Rx 0.471164 1 3 3 1492 0
Rx 0.471504 1 2 3 1030 0
Tx 0.471518 1 1 3 1492 
Tx 0.471518 1 2 3 464 
Tx 0.471518 1 3 3 1492 
Tx 0.472018 1 2 3 935 
Rx 0.472164 1 1 3 1492 0
Rx 0.472182 1 3 3 1492 0
Rx 0.472486 1 2 3 935 0
Tx 0.472518 1 1 3 1492 
Tx 0.472518 1 2 3 559 
Tx 0.472518 1 3 3 1492 
Tx 0.473018 1 2 3 935 
Rx 0.473146 1 2 3 559 0
Rx 0.473146 1 1 3 1492 0
Rx 0.473486 1 2 3 935 0
Tx 0.473518 1 1 3 1492 
Tx 0.473518 1 2 3 559 
Tx 0.473518 1 3 3 467 
Tx 0.473768 1 3 3 625 
Tx 0.474018 1 2 3 1173 
Tx 0.474018 1 3 3 546 
Rx 0.474093 1 1 3 1492 0
Rx 0.474182 1 3 3 467 0
Tx 0.474268 1 3 3 1352 
Tx 0.474268 1 4 3 372 
Tx 0.474268 1 5 3 6371 
Tx 0.474268 1 6 3 372 
Tx 0.474268 1 7 3 372 
Rx 0.474432 1 3 3 625 0
Tx 0.474518 1 1 3 1492 
Tx 0.474518 1 2 3 321 
Tx 0.474518 1 4 3 182 
Tx 0.474518 1 5 3 182 
Tx 0.474518 1 6 3 182 
Tx 0.474518 1 7 3 182 
Rx 0.474593 1 3 3 546 0
Tx 0.474768 1 4 3 246 
Tx 0.474768 1 5 3 246 
Tx 0.474768 1 6 3 246 
Tx 0.474768 1 7 3 246 
Rx 0.474825 1 7 3 372 0
Rx 0.474932 1 4 3 372 0
Rx 0.474932 1 6 3 372 0
Tx 0.475018 1 2 3 578 
Tx 0.475018 1 4 3 467 
Tx 0.475018 1 5 3 1378 
Tx 0.475018 1 6 3 8686 
Tx 0.475018 1 7 3 8686 
Rx 0.475093 1 1 3 1492 0
Rx 0.475129 1 7 3 182 0
Rx 0.475129 1 2 3 321 0
Rx 0.475182 1 4 3 182 0
Rx 0.475182 1 5 3 182 0
Rx 0.475182 1 6 3 182 0
Tx 0.475268 1 4 3 1054 
Tx 0.475268 1 5 3 3109 
Tx 0.475268 1 6 3 19557 
Tx 0.475268 1 7 3 19557 
Rx 0.475361 1 7 3 246 0
Rx 0.475432 1 4 3 246 0
Rx 0.475432 1 6 3 246 0
Rx 0.475432 1 5 3 246 0
Tx 0.475518 1 1 3 1492 
Tx 0.475518 1 2 3 657 
Rx 0.475557 1 2 3 578 0
Rx 0.475682 1 7 3 8686 0
Rx 0.475682 1 4 3 467 0
Rx 0.475682 1 5 3 1378 0
Tx 0.475768 1 2 3 261 
Rx 0.475932 1 7 3 19557 0
Rx 0.475932 1 4 3 1054 0
Rx 0.475932 1 5 3 3109 0
Tx 0.476018 1 2 3 657 
Rx 0.476182 1 1 3 1492 0
Tx 0.476268 1 2 3 230 
Rx 0.476432 1 2 3 261 0
Tx 0.476518 1 1 3 1492 
Tx 0.476518 1 2 3 609 
Rx 0.476682 1 2 3 657 0
Rx 0.476932 1 2 3 230 0
Tx 0.477018 1 2 3 1054 
Rx 0.477182 1 2 3 609 0
Rx 0.477182 1 1 3 1492 0
Rx 0.477486 1 2 3 1054 0
Tx 0.477518 1 1 3 1492 
Tx 0.477518 1 2 3 440 
Rx 0.478182 1 1 3 1492 0
Tx 0.478518 1 1 3 1492 
Tx 0.478518 1 2 3 1492 
Rx 0.479164 1 1 3 1492 0
Tx 0.479518 1 1 3 1492 
Tx 0.479518 1 2 3 1492 
Rx 0.480164 1 1 3 1492 0
Tx 0.480518 1 1 3 1492 
Tx 0.480518 1 2 3 1492 
Rx 0.481164 1 1 3 1492 0
Tx 0.481518 1 1 3 1492 
Tx 0.481518 1 2 3 1492 
Rx 0.482164 1 1 3 1492 0
Tx 0.482518 1 1 3 1492 
Tx 0.482518 1 2 3 1492 
Rx 0.483164 1 1 3 1492 0
Rx 0.483182 1 2 3 1492 0
Tx 0.483518 1 1 3 1492 
Tx 0.483518 1 2 3 1492 
Rx 0.484164 1 1 3 1492 0
Tx 0.484518 1 1 3 1492 
Tx 0.484518 1 2 3 1492 
Rx 0.485164 1 1 3 1492 0
Rx 0.485182 1 2 3 1492 0
Tx 0.485518 1 1 3 1492 
Tx 0.485518 1 2 3 935 
Tx 0.485768 1 2 3 559 
Rx 0.486182 1 1 3 1492 0
Rx 0.486414 1 2 3 559 0
Tx 0.486518 1 1 3 1492 
Tx 0.486518 1 2 3 1492 
Rx 0.487164 1 1 3 1492 0
Tx 0.487518 1 1 3 1492 
Tx 0.487518 1 2 3 657 
Tx 0.487768 1 2 3 657 
Tx 0.488018 1 2 3 657 
Rx 0.488182 1 1 3 1492 0
Rx 0.488182 1 2 3 657 0
Tx 0.488268 1 2 3 935 
Rx 0.488432 1 2 3 657 0
Tx 0.488518 1 1 3 1492 
Tx 0.488518 1 2 3 86 
Rx 0.488682 1 2 3 657 0
Rx 0.488932 1 2 3 935 0
Tx 0.489018 1 2 3 935 
Rx 0.489164 1 1 3 1492 0
Rx 0.489182 1 2 3 86 0
Rx 0.489486 1 2 3 935 0
Tx 0.489518 1 1 3 1492 
Tx 0.489518 1 2 3 559 
Tx 0.490018 1 2 3 1291 
Rx 0.490182 1 1 3 1492 0
Tx 0.490518 1 1 3 1492 
Tx 0.490518 1 2 3 203 
Tx 0.491018 1 2 3 752 
Rx 0.491182 1 1 3 1492 0
Rx 0.491486 1 2 3 752 0
Tx 0.491518 1 1 3 1492 
Tx 0.491518 1 2 3 742 
Tx 0.492018 1 2 3 1492 
Rx 0.492182 1 1 3 1492 0
Tx 0.492518 1 1 3 1492 
Rx 0.493164 1 1 3 1492 0
Tx 0.493518 1 1 3 1492 
Tx 0.493518 1 2 3 1054 
Tx 0.493768 1 2 3 440 
Rx 0.494182 1 1 3 1492 0
Tx 0.494268 1 2 3 467 
Rx 0.494414 1 2 3 440 0
Tx 0.494518 1 1 3 1492 
Tx 0.494518 1 2 3 1027 
Rx 0.494789 1 2 3 467 0
Tx 0.495018 1 2 3 1173 
Rx 0.495182 1 1 3 1492 0
Rx 0.495486 1 2 3 1173 0
Tx 0.495518 1 1 3 1492 
Tx 0.495518 1 2 3 321 
Tx 0.496018 1 2 3 1410 
Rx 0.496182 1 1 3 1492 0
Tx 0.496518 1 1 3 1492 
Tx 0.496518 1 2 3 84 
Rx 0.497182 1 1 3 1492 0
Tx 0.497518 1 1 3 1492 
Tx 0.497518 1 2 3 935 
Tx 0.497768 1 2 3 559 
Rx 0.498182 1 1 3 1492 0
Tx 0.498268 1 2 3 841 
Tx 0.498518 1 1 3 1492 
Tx 0.498518 1 2 3 653 
Rx 0.498736 1 2 3 841 0
Tx 0.499018 1 2 3 841 
Rx 0.499164 1 1 3 1492 0
Rx 0.499182 1 2 3 653 0
Rx 0.499486 1 2 3 841 0
Tx 0.499518 1 1 3 1492 
Tx 0.499518 1 2 3 653 
Tx 0.500018 1 2 3 841 
Rx 0.500182 1 1 3 1492 0
Rx 0.500486 1 2 3 841 0
Tx 0.500518 1 1 3 1492 
Tx 0.500518 1 2 3 653 
Tx 0.500518 1 3 3 182 
Tx 0.500518 1 4 3 864 
Tx 0.500518 1 5 3 1549 
Tx 0.500518 1 6 3 4597 
Tx 0.500518 1 7 3 6513 
Tx 0.500768 1 3 3 246 
Tx 0.500768 1 4 3 1157 
Tx 0.500768 1 5 3 2071 
Tx 0.500768 1 6 3 6133 
Tx 0.500768 1 7 3 8686 
Tx 0.501018 1 2 3 1007 
Tx 0.501018 1 3 3 246 
Tx 0.501018 1 4 3 246 
Tx 0.501018 1 5 3 246 
Tx 0.501018 1 6 3 246 
Tx 0.501018 1 7 3 246 
Rx 0.501182 1 5 3 1549 0
Rx 0.501182 1 3 3 182 0
Tx 0.501268 1 3 3 13033 
Rx 0.501432 1 5 3 2071 0
Rx 0.501432 1 3 3 246 0
Tx 0.501518 1 1 3 1492 
Tx 0.501518 1 2 3 487 
Tx 0.501518 1 3 3 8686 
Rx 0.501611 1 7 3 246 0
Rx 0.501611 1 6 3 246 0
Rx 0.501682 1 5 3 246 0
Rx 0.501682 1 3 3 246 0
Tx 0.501768 1 3 3 10860 
Rx 0.501932 1 3 3 13033 0
Tx 0.502018 1 3 3 8523 
Rx 0.502164 1 2 3 487 0
Rx 0.502182 1 3 3 8686 0
Rx 0.502432 1 3 3 10860 0
Tx 0.502518 1 1 3 1492 
Tx 0.502518 1 2 3 1492 
Rx 0.502682 1 3 3 8523 0
Rx 0.503164 1 2 3 1492 0
Tx 0.503518 1 1 3 864 
Tx 0.503518 1 2 3 1492 
Tx 0.503518 1 3 3 1492 
Tx 0.503768 1 1 3 630 
Rx 0.504146 1 3 3 1492 0
Rx 0.504146 1 2 3 1492 0
Rx 0.504182 1 1 3 864 0
Tx 0.504268 1 1 3 1492 
Rx 0.504414 1 1 3 630 0
Tx 0.504518 1 2 3 1492 
Tx 0.504518 1 3 3 1492 
Rx 0.504736 1 1 3 1492 0
Rx 0.505182 1 3 3 1492 0
Tx 0.530268 1 1 3 372 
Tx 0.530268 1 2 3 372 
Tx 0.530268 1 3 3 372 
Tx 0.530268 1 4 3 372 
Tx 0.530268 1 5 3 372 
Tx 0.530268 1 6 3 372 
Tx 0.530268 1 7 3 372 
Tx 0.530518 1 1 3 309 
Tx 0.530518 1 2 3 309 
Tx 0.530518 1 3 3 309 
Tx 0.530518 1 4 3 309 
Tx 0.530518 1 5 3 309 
Tx 0.530518 1 6 3 309 
Tx 0.530518 1 7 3 309 
Tx 0.530768 1 1 3 309 
Tx 0.530768 1 2 3 309 
Tx 0.530768 1 3 3 309 
Tx 0.530768 1 4 3 309 
Tx 0.530768 1 5 3 309 
Tx 0.530768 1 6 3 309 
Tx 0.530768 1 7 3 309 
Rx 0.530825 1 3 3 372 0
Rx 0.530825 1 4 3 372 0
Rx 0.530825 1 5 3 372 0
Rx 0.530932 1 2 3 372 0
Rx 0.530932 1 1 3 372 0
Rx 0.530932 1 6 3 372 0
Tx 0.531018 1 1 3 427 
Tx 0.531018 1 2 3 10860 
Tx 0.531018 1 3 3 10860 
Tx 0.531018 1 4 3 3299 
Tx 0.531018 1 5 3 10860 
Rx 0.531093 1 3 3 309 0
Rx 0.531093 1 4 3 309 0
Rx 0.531093 1 5 3 309 0
Rx 0.531182 1 2 3 309 0
Rx 0.531182 1 1 3 309 0
Tx 0.531268 1 1 3 4411 
Tx 0.531268 1 2 3 23904 
Tx 0.531268 1 3 3 23904 
Rx 0.531343 1 3 3 309 0
Rx 0.531343 1 5 3 309 0
Rx 0.531343 1 4 3 309 0
Rx 0.531432 1 2 3 309 0
Rx 0.531432 1 1 3 309 0
Tx 0.531518 1 1 3 2803 
Tx 0.531518 1 2 3 4528 
Tx 0.531518 1 3 3 4528 
Rx 0.531593 1 5 3 10860 0
Rx 0.531682 1 3 3 10860 0
Rx 0.531932 1 3 3 23904 0
Rx 0.532182 1 3 3 4528 0
Tx 0.557268 1 1 3 372 
Tx 0.557268 1 2 3 372 
Tx 0.557268 1 3 3 372 
Tx 0.557268 1 4 3 372 
Tx 0.557268 1 5 3 372 
Tx 0.557268 1 6 3 372 
Tx 0.557268 1 7 3 372 
Tx 0.557518 1 1 3 246 
Tx 0.557518 1 2 3 246 
Tx 0.557518 1 3 3 246 
Tx 0.557518 1 4 3 246 
Tx 0.557518 1 5 3 246 
Tx 0.557518 1 6 3 246 
Tx 0.557518 1 7 3 246 
Tx 0.557768 1 1 3 246 
Tx 0.557768 1 2 3 246 
Tx 0.557768 1 3 3 246 
Tx 0.557768 1 4 3 246 
Tx 0.557768 1 5 3 246 
Tx 0.557768 1 6 3 246 
Tx 0.557768 1 7 3 246 
Rx 0.557825 1 2 3 372 0
Rx 0.557825 1 1 3 372 0
Rx 0.557932 1 5 3 372 0
Rx 0.557932 1 4 3 372 0
Rx 0.557932 1 6 3 372 0
Rx 0.557932 1 3 3 372 0
Tx 0.558018 1 1 3 935 
Tx 0.558018 1 2 3 8686 
Tx 0.558018 1 3 3 8686 
Tx 0.558018 1 4 3 309 
Tx 0.558018 1 5 3 8686 
Tx 0.558018 1 6 3 4716 
Rx 0.558111 1 7 3 246 0
Rx 0.558111 1 2 3 246 0
Rx 0.558111 1 1 3 246 0
Rx 0.558182 1 5 3 246 0
Rx 0.558182 1 4 3 246 0
Rx 0.558182 1 6 3 246 0
Rx 0.558182 1 3 3 246 0
Tx 0.558268 1 1 3 427 
Tx 0.558268 1 2 3 10860 
Tx 0.558268 1 3 3 10860 
Tx 0.558268 1 4 3 586 
Tx 0.558268 1 5 3 10860 
Tx 0.558268 1 6 3 7079 
Rx 0.558361 1 2 3 246 0
Rx 0.558361 1 7 3 246 0
Rx 0.558361 1 1 3 246 0
Rx 0.558432 1 5 3 246 0
Rx 0.558432 1 3 3 246 0
Rx 0.558432 1 6 3 246 0
Rx 0.558432 1 4 3 246 0
Tx 0.558518 1 1 3 340 
Tx 0.558518 1 2 3 8686 
Tx 0.558518 1 3 3 8686 
Tx 0.558518 1 4 3 467 
Tx 0.558518 1 5 3 8686 
Tx 0.558518 1 6 3 5662 
Rx 0.558611 1 2 3 8686 0
Rx 0.558682 1 5 3 8686 0
Rx 0.558682 1 3 3 8686 0
Rx 0.558682 1 6 3 4716 0
Rx 0.558682 1 4 3 309 0
Tx 0.558768 1 1 3 340 
Tx 0.558768 1 2 3 8686 
Tx 0.558768 1 3 3 8686 
Tx 0.558768 1 4 3 467 
Tx 0.558768 1 5 3 8686 
Tx 0.558768 1 6 3 6133 
Rx 0.558843 1 2 3 10860 0
Rx 0.558843 1 1 3 427 0
Rx 0.558932 1 5 3 10860 0
Rx 0.558932 1 3 3 10860 0
Rx 0.558932 1 6 3 7079 0
Rx 0.558932 1 4 3 586 0
Tx 0.559018 1 1 3 427 
Tx 0.559018 1 2 3 3995 
Tx 0.559018 1 3 3 3995 
Tx 0.559018 1 4 3 586 
Tx 0.559018 1 5 3 10860 
Tx 0.559018 1 6 3 7669 
Rx 0.559111 1 2 3 8686 0
Rx 0.559111 1 1 3 340 0
Rx 0.559182 1 5 3 8686 0
Rx 0.559182 1 3 3 8686 0
Rx 0.559182 1 4 3 467 0
Tx 0.559268 1 1 3 2000 
Tx 0.559268 1 4 3 586 
Tx 0.559268 1 5 3 10860 
Tx 0.559268 1 6 3 5072 
Rx 0.559361 1 2 3 8686 0
Rx 0.559361 1 1 3 340 0
Rx 0.559432 1 5 3 8686 0
Rx 0.559432 1 3 3 8686 0
Rx 0.559432 1 4 3 467 0
Tx 0.559518 1 1 3 1597 
Tx 0.559518 1 4 3 467 
Tx 0.559518 1 5 3 8686 
Tx 0.559518 1 6 3 4055 
Rx 0.559593 1 2 3 3995 0
Rx 0.559593 1 1 3 427 0
Rx 0.559682 1 5 3 10860 0
Rx 0.559682 1 3 3 3995 0
Rx 0.559682 1 4 3 586 0
Tx 0.559768 1 1 3 3204 
Tx 0.559768 1 4 3 935 
Tx 0.559768 1 5 3 17383 
Tx 0.559768 1 6 3 8120 
Rx 0.559843 1 1 3 2000 0
Rx 0.559932 1 5 3 10860 0
Rx 0.559932 1 4 3 586 0
Rx 0.559932 1 6 3 5072 0
Tx 0.560018 1 1 3 4411 
Tx 0.560018 1 4 3 1291 
Tx 0.560018 1 5 3 23904 
Tx 0.560018 1 6 3 11168 
Rx 0.560111 1 1 3 1597 0
Rx 0.560182 1 5 3 8686 0
Rx 0.560182 1 6 3 4055 0
Tx 0.560268 1 1 3 12277 
Rx 0.560432 1 1 3 3204 0
Rx 0.560432 1 5 3 17383 0
Rx 0.560432 1 6 3 8120 0
Tx 0.560518 1 1 3 1597 
Tx 0.560518 1 2 3 1492 
Tx 0.560518 1 3 3 1492 
Rx 0.560682 1 1 3 4411 0
Rx 0.560682 1 5 3 23904 0
Rx 0.560682 1 6 3 11168 0
Tx 0.560768 1 1 3 2803 
Rx 0.560932 1 1 3 12277 0
Tx 0.561018 1 1 3 20076 
Rx 0.561129 1 3 3 1492 0
Rx 0.561182 1 1 3 1597 0
Tx 0.561268 1 1 3 21259 
Rx 0.561432 1 1 3 2803 0
Tx 0.561518 1 1 3 3878 
Tx 0.561518 1 2 3 1492 
Tx 0.561518 1 3 3 1492 
Rx 0.561932 1 1 3 21259 0
Tx 0.562018 1 1 3 1492 
Rx 0.562093 1 2 3 1492 0
Rx 0.562093 1 3 3 1492 0
Rx 0.562182 1 1 3 3878 0
Tx 0.562518 1 2 3 1492 
Tx 0.562518 1 3 3 1492 
Rx 0.562521 1 1 3 1492 0
Rx 0.563164 1 3 3 1492 0
Rx 0.563164 1 2 3 1492 0
Tx 0.588268 1 1 3 309 
Tx 0.588268 1 2 3 309 
Tx 0.588268 1 3 3 309 
Tx 0.588268 1 4 3 309 
Tx 0.588268 1 5 3 309 
Tx 0.588268 1 6 3 309 
Tx 0.588268 1 7 3 309 
Tx 0.588518 1 1 3 246 
Tx 0.588518 1 2 3 246 
Tx 0.588518 1 3 3 246 
Tx 0.588518 1 4 3 246 
Tx 0.588518 1 5 3 246 
Tx 0.588518 1 6 3 246 
Tx 0.588518 1 7 3 246 
Tx 0.588768 1 1 3 246 
Tx 0.588768 1 2 3 246 
Tx 0.588768 1 3 3 246 
Tx 0.588768 1 4 3 246 
Tx 0.588768 1 5 3 246 
Tx 0.588768 1 6 3 246 
Tx 0.588768 1 7 3 246 
Rx 0.588843 1 3 3 309 0
Rx 0.588843 1 1 3 309 0
Rx 0.588843 1 2 3 309 0
Rx 0.588932 1 7 3 309 0
Rx 0.588932 1 6 3 309 0
Rx 0.588932 1 5 3 309 0
Tx 0.589018 1 1 3 1410 
Tx 0.589018 1 2 3 13033 
Tx 0.589018 1 3 3 13033 
Rx 0.589111 1 3 3 246 0
Rx 0.589111 1 2 3 246 0
Rx 0.589182 1 7 3 246 0
Rx 0.589182 1 6 3 246 0
Rx 0.589182 1 5 3 246 0
Rx 0.589361 1 3 3 246 0
Rx 0.589361 1 2 3 246 0
Rx 0.589432 1 7 3 246 0
Rx 0.589432 1 6 3 246 0
Rx 0.589432 1 5 3 246 0
Rx 0.589432 1 4 3 246 0
Rx 0.589682 1 3 3 13033 0
Tx 0.614768 1 1 3 372 
Tx 0.614768 1 2 3 372 
Tx 0.614768 1 3 3 372 
Tx 0.614768 1 4 3 372 
Tx 0.614768 1 5 3 372 
Tx 0.614768 1 6 3 372 
Tx 0.614768 1 7 3 372 
Tx 0.615018 1 1 3 372 
Tx 0.615018 1 2 3 372 
Tx 0.615018 1 3 3 372 
Tx 0.615018 1 4 3 372 
Tx 0.615018 1 5 3 372 
Tx 0.615018 1 6 3 372 
Tx 0.615018 1 7 3 372 
Tx 0.615268 1 1 3 372 
Tx 0.615268 1 2 3 372 
Tx 0.615268 1 3 3 372 
Tx 0.615268 1 4 3 372 
Tx 0.615268 1 5 3 372 
Tx 0.615268 1 6 3 372 
Tx 0.615268 1 7 3 372 
Rx 0.615325 1 2 3 372 0
Rx 0.615325 1 1 3 372 0
Rx 0.615432 1 4 3 372 0
Rx 0.615432 1 3 3 372 0
Rx 0.615432 1 6 3 372 0
Tx 0.615518 1 1 3 11334 
Tx 0.615518 1 2 3 17383 
Tx 0.615518 1 3 3 1188 
Tx 0.615518 1 4 3 7554 
Rx 0.615575 1 2 3 372 0
Rx 0.615575 1 1 3 372 0
Rx 0.615682 1 4 3 372 0
Rx 0.615682 1 3 3 372 0
Rx 0.615682 1 6 3 372 0
Tx 0.615768 1 1 3 14169 
Tx 0.615768 1 2 3 21730 
Tx 0.615768 1 3 3 1489 
Tx 0.615768 1 4 3 9443 
Rx 0.615825 1 2 3 372 0
Rx 0.615825 1 1 3 372 0
Rx 0.615932 1 4 3 372 0
Rx 0.615932 1 3 3 372 0
Rx 0.615932 1 6 3 372 0
Tx 0.616018 1 1 3 15586 
Tx 0.616018 1 2 3 23904 
Tx 0.616018 1 3 3 1636 
Tx 0.616018 1 4 3 10388 
Rx 0.616182 1 4 3 7554 0
Rx 0.616182 1 3 3 1188 0
Rx 0.616182 1 2 3 17383 0
Tx 0.616268 1 1 3 11168 
Tx 0.616268 1 2 3 2597 
Tx 0.616268 1 3 3 9348 
Tx 0.616268 1 4 3 22086 
Rx 0.616432 1 4 3 9443 0
Rx 0.616432 1 2 3 21730 0
Rx 0.616432 1 3 3 1489 0
Tx 0.616518 1 1 3 8120 
Tx 0.616518 1 3 3 6798 
Tx 0.616518 1 4 3 16058 
Rx 0.616682 1 4 3 10388 0
Rx 0.616682 1 2 3 23904 0
Rx 0.616682 1 3 3 1636 0
Tx 0.616768 1 1 3 9137 
Tx 0.616768 1 3 3 6798 
Tx 0.616768 1 4 3 18068 
Rx 0.616932 1 4 3 22086 0
Rx 0.616932 1 2 3 2597 0
Rx 0.616932 1 1 3 11168 0
Rx 0.616932 1 3 3 9348 0
Tx 0.617018 1 1 3 9220 
Tx 0.617018 1 3 3 7554 
Tx 0.617018 1 4 3 20076 
Rx 0.617182 1 4 3 16058 0
Rx 0.617182 1 3 3 6798 0
Rx 0.617182 1 1 3 8120 0
Tx 0.617268 1 3 3 9348 
Tx 0.617268 1 4 3 22086 
Rx 0.617432 1 1 3 9137 0
Rx 0.617432 1 3 3 6798 0
Tx 0.617518 1 2 3 1492 
Tx 0.617518 1 3 3 6608 
Tx 0.617518 1 4 3 13223 
Rx 0.617682 1 1 3 9220 0
Rx 0.617682 1 3 3 7554 0
Tx 0.617768 1 3 3 7554 
Tx 0.617768 1 4 3 15115 
Rx 0.617932 1 3 3 9348 0
Tx 0.618018 1 3 3 10292 
Tx 0.618018 1 4 3 20784 
Rx 0.618075 1 2 3 1492 0
Rx 0.618182 1 4 3 13223 0
Rx 0.618182 1 3 3 6608 0
Tx 0.618268 1 4 3 26077 
Rx 0.618432 1 4 3 15115 0
Rx 0.618432 1 3 3 7554 0
Tx 0.618518 1 1 3 1492 
Tx 0.618518 1 2 3 1492 
Tx 0.618518 1 4 3 13033 
Rx 0.618682 1 4 3 20784 0
Rx 0.618682 1 3 3 10292 0
Tx 0.618768 1 4 3 15210 
Rx 0.618932 1 4 3 26077 0
Tx 0.619018 1 4 3 8590 
Rx 0.619093 1 2 3 1492 0
Rx 0.619182 1 4 3 13033 0
Rx 0.619432 1 4 3 15210 0
Tx 0.619518 1 1 3 1492 
Tx 0.619518 1 2 3 1492 
Tx 0.619518 1 3 3 1492 
Rx 0.619682 1 4 3 8590 0
Rx 0.620146 1 2 3 1492 0
Rx 0.620164 1 3 3 1492 0
Tx 0.620518 1 1 3 1492 
Tx 0.620518 1 2 3 1492 
Tx 0.620518 1 3 3 1492 
Tx 0.620518 1 4 3 1492 
Rx 0.621164 1 2 3 1492 0
Rx 0.621164 1 3 3 1492 0
Rx 0.621182 1 1 3 1492 0
Tx 0.621518 1 1 3 1492 
Tx 0.621518 1 2 3 1492 
Tx 0.621518 1 3 3 1492 
Tx 0.621518 1 4 3 1291 
Tx 0.621768 1 4 3 203 
Rx 0.622182 1 4 3 1291 0
Tx 0.622268 1 4 3 1492 
Rx 0.622432 1 4 3 203 0
Tx 0.622518 1 1 3 593 
Tx 0.622518 1 2 3 1492 
Tx 0.622518 1 3 3 1492 
Rx 0.622736 1 4 3 1492 0
Tx 0.622768 1 1 3 593 
Tx 0.623018 1 1 3 443 
Rx 0.623129 1 2 3 1492 0
Rx 0.623146 1 3 3 1492 0
Rx 0.623182 1 1 3 593 0
Tx 0.623268 1 1 3 1361 
Rx 0.623432 1 1 3 593 0
Tx 0.623518 1 2 3 1492 
Tx 0.623518 1 3 3 1492 
Tx 0.623518 1 4 3 1007 
Rx 0.623521 1 1 3 443 0
Rx 0.623736 1 1 3 1361 0
Tx 0.623768 1 4 3 487 
Rx 0.624182 1 4 3 1007 0
Tx 0.624268 1 4 3 1492 
Rx 0.624414 1 4 3 487 0
Tx 0.624518 1 1 3 340 
Tx 0.624518 1 2 3 1492 
Tx 0.624518 1 3 3 1492 
Rx 0.624736 1 4 3 1492 0
Tx 0.624768 1 1 3 514 
Tx 0.625018 1 1 3 769 
Rx 0.625129 1 2 3 1492 0
Rx 0.625146 1 3 3 1492 0
Rx 0.625182 1 1 3 340 0
Tx 0.625268 1 1 3 1367 
Rx 0.625432 1 1 3 514 0
Tx 0.625518 1 2 3 1492 
Tx 0.625518 1 3 3 1492 
Tx 0.625518 1 4 3 1173 
Rx 0.625664 1 1 3 769 0
Rx 0.625736 1 1 3 1367 0
Tx 0.625768 1 4 3 321 
Rx 0.626182 1 4 3 1173 0
Tx 0.626268 1 4 3 1492 
Rx 0.626432 1 4 3 321 0
Rx 0.626932 1 4 3 1492 0
Tx 0.651518 1 1 3 246 
Tx 0.651518 1 2 3 246 
Tx 0.651518 1 3 3 246 
Tx 0.651518 1 4 3 8686 
Tx 0.651518 1 5 3 246 
Tx 0.651518 1 6 3 246 
Tx 0.651518 1 7 3 246 
Tx 0.651768 1 1 3 246 
Tx 0.651768 1 2 3 246 
Tx 0.651768 1 3 3 246 
Tx 0.651768 1 4 3 8686 
Tx 0.651768 1 5 3 246 
Tx 0.651768 1 6 3 246 
Tx 0.651768 1 7 3 246 
Tx 0.652018 1 1 3 309 
Tx 0.652018 1 2 3 309 
Tx 0.652018 1 3 3 309 
Tx 0.652018 1 4 3 309 
Tx 0.652018 1 5 3 309 
Tx 0.652018 1 6 3 309 
Tx 0.652018 1 7 3 309 
Rx 0.652111 1 2 3 246 0
Rx 0.652111 1 1 3 246 0
Rx 0.652182 1 6 3 246 0
Rx 0.652182 1 3 3 246 0
Tx 0.652268 1 1 3 5820 
Tx 0.652268 1 2 3 21730 
Tx 0.652268 1 3 3 1173 
Tx 0.652268 1 4 3 8497 
Rx 0.652361 1 2 3 246 0
Rx 0.652361 1 1 3 246 0
Rx 0.652432 1 6 3 246 0
Rx 0.652432 1 3 3 246 0
Tx 0.652518 1 1 3 4071 
Tx 0.652518 1 2 3 15210 
Tx 0.652518 1 3 3 817 
Tx 0.652518 1 4 3 7435 
Rx 0.652593 1 2 3 309 0
Rx 0.652593 1 1 3 309 0
Rx 0.652682 1 4 3 309 0
Rx 0.652682 1 6 3 309 0
Rx 0.652682 1 3 3 309 0
Tx 0.652768 1 1 3 4653 
Tx 0.652768 1 2 3 2541 
Tx 0.652768 1 3 3 1188 
Tx 0.652768 1 4 3 5178 
Rx 0.652932 1 2 3 21730 0
Rx 0.652932 1 1 3 5820 0
Rx 0.652932 1 4 3 8497 0
Rx 0.652932 1 3 3 1173 0
Tx 0.653018 1 1 3 5238 
Tx 0.653018 1 2 3 1492 
Tx 0.653018 1 3 3 9137 
Tx 0.653018 1 4 3 1492 
Rx 0.653182 1 4 3 7435 0
Rx 0.653182 1 3 3 817 0
Rx 0.653182 1 2 3 15210 0
Rx 0.653182 1 1 3 4071 0
Tx 0.653268 1 1 3 10388 
Tx 0.653268 1 3 3 10388 
Rx 0.653432 1 4 3 5178 0
Rx 0.653432 1 2 3 2541 0
Rx 0.653432 1 3 3 1188 0
Rx 0.653432 1 1 3 4653 0
Tx 0.653518 1 1 3 4716 
Tx 0.653518 1 3 3 4716 
Rx 0.653682 1 2 3 1492 0
Rx 0.653682 1 1 3 5238 0
Rx 0.653682 1 3 3 9137 0
Tx 0.653768 1 1 3 5662 
Tx 0.653768 1 3 3 7079 
Rx 0.653932 1 1 3 10388 0
Rx 0.653932 1 3 3 10388 0
Tx 0.654018 1 1 3 1928 
Tx 0.654018 1 3 3 7978 
Rx 0.654182 1 3 3 4716 0
Rx 0.654182 1 1 3 4716 0
Rx 0.654432 1 3 3 7079 0
Rx 0.654432 1 1 3 5662 0
Tx 0.654518 1 2 3 1492 
Tx 0.654518 1 4 3 1492 
Rx 0.654664 1 1 3 1928 0
Rx 0.654682 1 3 3 7978 0
Rx 0.655164 1 4 3 1492 0
Rx 0.655164 1 2 3 1492 0
Tx 0.655518 1 1 3 1492 
Tx 0.655518 1 2 3 1492 
Tx 0.655518 1 3 3 1492 
Tx 0.655518 1 4 3 1492 
Rx 0.656182 1 2 3 1492 0
Tx 0.656518 1 1 3 1492 
Tx 0.656518 1 2 3 1492 
Tx 0.656518 1 3 3 1492 
Tx 0.656518 1 4 3 1492 
Rx 0.657164 1 4 3 1492 0
Rx 0.657164 1 2 3 1492 0
Rx 0.657182 1 3 3 1492 0
Rx 0.657182 1 1 3 1492 0
Tx 0.657518 1 1 3 1492 
Tx 0.657518 1 2 3 1492 
Tx 0.657518 1 3 3 1492 
Tx 0.657518 1 4 3 1492 
Rx 0.658164 1 4 3 1492 0
Rx 0.658164 1 2 3 1492 0
Rx 0.658182 1 3 3 1492 0
Tx 0.658518 1 1 3 1030 
Tx 0.658518 1 2 3 1492 
Tx 0.658518 1 3 3 1492 
Tx 0.658518 1 4 3 1492 
Tx 0.658768 1 1 3 464 
Tx 0.659018 1 1 3 514 
Rx 0.659164 1 2 3 1492 0
Rx 0.659182 1 1 3 1030 0
Tx 0.659268 1 1 3 980 
Rx 0.659432 1 1 3 464 0
Tx 0.659518 1 2 3 1492 
Tx 0.659518 1 3 3 1492 
Tx 0.659518 1 4 3 1492 
Rx 0.659629 1 1 3 514 0
Rx 0.659736 1 1 3 980 0
Rx 0.660164 1 4 3 1492 0
Rx 0.660182 1 3 3 1492 0
Tx 0.660518 1 1 3 1492 
Tx 0.660518 1 2 3 1492 
Tx 0.660518 1 3 3 1492 
Tx 0.660518 1 4 3 1492 
Rx 0.661182 1 2 3 1492 0
Rx 0.661182 1 4 3 1492 0
Tx 0.686268 1 1 3 372 
Tx 0.686268 1 2 3 13033 
Tx 0.686268 1 3 3 372 
Tx 0.686268 1 4 3 372 
Tx 0.686268 1 5 3 372 
Tx 0.686268 1 6 3 372 
Tx 0.686268 1 7 3 372 
Tx 0.686518 1 1 3 309 
Tx 0.686518 1 2 3 309 
Tx 0.686518 1 3 3 309 
Tx 0.686518 1 4 3 309 
Tx 0.686518 1 5 3 309 
Tx 0.686518 1 6 3 309 
Tx 0.686518 1 7 3 309 
Tx 0.686768 1 1 3 309 
Tx 0.686768 1 2 3 309 
Tx 0.686768 1 3 3 309 
Tx 0.686768 1 4 3 309 
Tx 0.686768 1 5 3 309 
Tx 0.686768 1 6 3 309 
Tx 0.686768 1 7 3 309 
Rx 0.686825 1 3 3 372 0
Rx 0.686825 1 1 3 372 0
Rx 0.686825 1 2 3 13033 0
Rx 0.686932 1 6 3 372 0
Rx 0.686932 1 7 3 372 0
Rx 0.686932 1 4 3 372 0
Tx 0.687018 1 1 3 9443 
Tx 0.687018 1 2 3 21730 
Tx 0.687018 1 3 3 21730 
Tx 0.687018 1 4 3 9443 
Rx 0.687093 1 1 3 309 0
Rx 0.687093 1 2 3 309 0
Rx 0.687093 1 3 3 309 0
Rx 0.687182 1 6 3 309 0
Rx 0.687182 1 7 3 309 0
Rx 0.687182 1 4 3 309 0
Tx 0.687268 1 1 3 1173 
Tx 0.687268 1 2 3 4899 
Tx 0.687268 1 3 3 17560 
Tx 0.687268 1 4 3 10151 
Rx 0.687343 1 2 3 309 0
Rx 0.687343 1 3 3 309 0
Rx 0.687343 1 1 3 309 0
Rx 0.687432 1 6 3 309 0
Rx 0.687432 1 7 3 309 0
Rx 0.687432 1 4 3 309 0
Tx 0.687518 1 1 3 935 
Tx 0.687518 1 4 3 8120 
Rx 0.687682 1 2 3 21730 0
Rx 0.687682 1 3 3 21730 0
Rx 0.687682 1 4 3 9443 0
Tx 0.687768 1 1 3 1054 
Tx 0.687768 1 4 3 10626 
Rx 0.687932 1 2 3 4899 0
Rx 0.687932 1 3 3 17560 0
Rx 0.687932 1 4 3 10151 0
Rx 0.687932 1 1 3 1173 0
Tx 0.688018 1 1 3 1173 
Tx 0.688018 1 4 3 2448 
Rx 0.688182 1 4 3 8120 0
Rx 0.688182 1 1 3 935 0
Tx 0.688268 1 1 3 1030 
Tx 0.688518 1 1 3 514 
Tx 0.688518 1 2 3 1492 
Tx 0.688518 1 3 3 1492 
Rx 0.688682 1 1 3 1173 0
Rx 0.688682 1 4 3 2448 0
Tx 0.688768 1 1 3 16817 
Rx 0.688932 1 1 3 1030 0
Tx 0.689018 1 1 3 10149 
Rx 0.689093 1 2 3 1492 0
Rx 0.689093 1 3 3 1492 0
Rx 0.689182 1 1 3 514 0
Rx 0.689432 1 1 3 16817 0
Tx 0.689518 1 2 3 1492 
Tx 0.689518 1 3 3 1492 
Tx 0.689518 1 4 3 1492 
Rx 0.689682 1 1 3 10149 0
Rx 0.690111 1 4 3 1492 0
Tx 0.690518 1 1 3 1492 
Tx 0.690518 1 2 3 1492 
Tx 0.690518 1 3 3 1492 
Tx 0.690518 1 4 3 1492 
Rx 0.691164 1 2 3 1492 0
Rx 0.691182 1 3 3 1492 0
Tx 0.716268 1 1 3 372 
Tx 0.716268 1 2 3 372 
Tx 0.716268 1 3 3 13033 
Tx 0.716268 1 4 3 372 
Tx 0.716268 1 5 3 372 
Tx 0.716268 1 6 3 372 
Tx 0.716268 1 7 3 372 
Tx 0.716518 1 1 3 246 
Tx 0.716518 1 2 3 246 
Tx 0.716518 1 3 3 246 
Tx 0.716518 1 4 3 246 
Tx 0.716518 1 5 3 246 
Tx 0.716518 1 6 3 246 
Tx 0.716518 1 7 3 246 
Tx 0.716768 1 1 3 309 
Tx 0.716768 1 2 3 309 
Tx 0.716768 1 3 3 309 
Tx 0.716768 1 4 3 309 
Tx 0.716768 1 5 3 309 
Tx 0.716768 1 6 3 309 
Tx 0.716768 1 7 3 309 
Rx 0.716825 1 4 3 372 0
Rx 0.716825 1 2 3 372 0
Rx 0.716932 1 7 3 372 0
Rx 0.716932 1 6 3 372 0
Rx 0.716932 1 1 3 372 0
Tx 0.717018 1 1 3 10626 
Tx 0.717018 1 2 3 9443 
Tx 0.717018 1 3 3 4007 
Tx 0.717018 1 4 3 21730 
Rx 0.717111 1 3 3 246 0
Rx 0.717111 1 4 3 246 0
Rx 0.717111 1 2 3 246 0
Rx 0.717182 1 7 3 246 0
Rx 0.717182 1 6 3 246 0
Rx 0.717182 1 1 3 246 0
Tx 0.717268 1 1 3 6402 
Tx 0.717268 1 2 3 2590 
Tx 0.717268 1 3 3 3805 
Tx 0.717268 1 4 3 17623 
Rx 0.717343 1 3 3 309 0
Rx 0.717343 1 4 3 309 0
Rx 0.717432 1 7 3 309 0
Rx 0.717432 1 6 3 309 0
Rx 0.717432 1 1 3 309 0
Tx 0.717518 1 1 3 2321 
Rx 0.717682 1 4 3 21730 0
Tx 0.717768 1 1 3 1644 
Rx 0.717932 1 4 3 17623 0
Tx 0.718018 1 1 3 2353 
Tx 0.718268 1 1 3 5662 
Rx 0.718432 1 1 3 1644 0
Tx 0.718518 1 1 3 2827 
Rx 0.718682 1 1 3 2353 0
Tx 0.718768 1 1 3 4245 
Rx 0.718932 1 1 3 5662 0
Tx 0.719018 1 1 3 4811 
Rx 0.719182 1 1 3 2827 0
Tx 0.719268 1 1 3 1463 
Rx 0.719432 1 1 3 4245 0
Rx 0.719682 1 1 3 4811 0
Rx 0.719825 1 1 3 1463 0
Tx 0.720518 1 1 3 752 
Tx 0.720768 1 1 3 742 
Rx 0.721182 1 1 3 752 0
Tx 0.721268 1 1 3 935 
Rx 0.721396 1 1 3 742 0
Tx 0.721518 1 1 3 559 
Rx 0.721736 1 1 3 935 0
Tx 0.722018 1 1 3 935 
Tx 0.722518 1 1 3 559 
Tx 0.723018 1 1 3 1157 
Rx 0.723182 1 1 3 559 0
Rx 0.723504 1 1 3 1157 0
Tx 0.723768 1 1 3 337 
Tx 0.724018 1 1 3 841 
Tx 0.724268 1 1 3 653 
Rx 0.724343 1 1 3 337 0
Rx 0.724486 1 1 3 841 0
Rx 0.724736 1 1 3 653 0
Tx 0.725518 1 1 3 935 
Tx 0.725768 1 1 3 559 
Rx 0.726182 1 1 3 935 0
Rx 0.726236 1 1 3 559 0
Tx 0.726268 1 1 3 1492 
Rx 0.726736 1 1 3 1492 0
Tx 0.727518 1 1 3 841 
Tx 0.727768 1 1 3 653 
Tx 0.728268 1 1 3 1030 
Tx 0.728518 1 1 3 464 
Rx 0.728754 1 1 3 1030 0
Tx 0.729018 1 1 3 1030 
Rx 0.729182 1 1 3 464 0
Rx 0.729504 1 1 3 1030 0
Tx 0.729518 1 1 3 464 
Tx 0.730018 1 1 3 841 
Rx 0.730182 1 1 3 464 0
Rx 0.730486 1 1 3 841 0
Tx 0.730518 1 1 3 653 
Tx 0.731018 1 1 3 935 
Rx 0.731182 1 1 3 653 0
Rx 0.731486 1 1 3 935 0
Tx 0.731518 1 1 3 559 
Tx 0.732018 1 1 3 935 
Tx 0.732768 1 1 3 559 
Tx 0.733018 1 1 3 841 
Tx 0.733268 1 1 3 653 
Tx 0.734518 1 1 3 1054 
Tx 0.734768 1 1 3 440 
Tx 0.735268 1 1 3 578 
Tx 0.735518 1 1 3 578 
Rx 0.735736 1 1 3 578 0
Tx 0.735768 1 1 3 340 
Tx 0.736018 1 1 3 1157 
Rx 0.736182 1 1 3 578 0
Tx 0.736268 1 1 3 337 
Rx 0.736432 1 1 3 340 0
Rx 0.736629 1 1 3 1157 0
Rx 0.736932 1 1 3 337 0
Tx 0.737518 1 1 3 1007 
Tx 0.737768 1 1 3 487 
Tx 0.738268 1 1 3 935 
Tx 0.738518 1 1 3 559 
Rx 0.738736 1 1 3 935 0
Tx 0.739018 1 1 3 935 
Rx 0.739182 1 1 3 559 0
Tx 0.739518 1 1 3 559 
Tx 0.740018 1 1 3 752 
Tx 0.740518 1 1 3 742 
Tx 0.741018 1 1 3 1315 
Rx 0.741504 1 1 3 1315 0
Tx 0.741768 1 1 3 179 
Tx 0.742018 1 1 3 578 
Tx 0.742268 1 1 3 578 
Rx 0.742432 1 1 3 179 0
Tx 0.742518 1 1 3 340 
Rx 0.742593 1 1 3 578 0
Rx 0.742736 1 1 3 578 0
Tx 0.743018 1 1 3 1173 
Tx 0.743018 1 2 3 372 
Tx 0.743018 1 3 3 372 
Tx 0.743018 1 4 3 372 
Tx 0.743018 1 5 3 372 
Tx 0.743018 1 6 3 372 
Tx 0.743018 1 7 3 372 
Rx 0.743182 1 1 3 340 0
Tx 0.743268 1 2 3 372 
Tx 0.743268 1 3 3 372 
Tx 0.743268 1 4 3 372 
Tx 0.743268 1 5 3 372 
Tx 0.743268 1 6 3 372 
Tx 0.743268 1 7 3 372 
Tx 0.743518 1 1 3 321 
Tx 0.743518 1 2 3 246 
Tx 0.743518 1 3 3 244 
Tx 0.743518 1 4 3 246 
Tx 0.743518 1 5 3 246 
Tx 0.743518 1 6 3 246 
Tx 0.743518 1 7 3 246 
Rx 0.743575 1 7 3 372 0
Rx 0.743575 1 6 3 372 0
Rx 0.743682 1 4 3 372 0
Rx 0.743825 1 7 3 372 0
Rx 0.743825 1 6 3 372 0
Rx 0.743932 1 5 3 372 0
Rx 0.743932 1 4 3 372 0
Rx 0.744111 1 7 3 246 0
Rx 0.744111 1 6 3 246 0
Rx 0.744182 1 5 3 246 0
Rx 0.744182 1 4 3 246 0
Tx 0.744518 1 1 3 1196 
Tx 0.744768 1 1 3 298 
Rx 0.745182 1 1 3 1196 0
Rx 0.745236 1 1 3 298 0
Tx 0.745268 1 1 3 396 
Tx 0.745518 1 1 3 1098 
Rx 0.745736 1 1 3 396 0
Tx 0.746018 1 1 3 1492 
Rx 0.746182 1 1 3 1098 0
Rx 0.746504 1 1 3 1492 0
Tx 0.747518 1 1 3 935 
Tx 0.747768 1 1 3 559 
Tx 0.748268 1 1 3 841 
Tx 0.748518 1 1 3 653 
Tx 0.749018 1 1 3 752 
Rx 0.749182 1 1 3 653 0
Rx 0.749486 1 1 3 752 0
Tx 0.749518 1 1 3 742 
Tx 0.750018 1 1 3 1492 
Rx 0.750182 1 1 3 742 0
Tx 0.751518 1 1 3 1157 
Tx 0.751768 1 1 3 337 
Rx 0.752182 1 1 3 1157 0
Tx 0.752268 1 1 3 935 
Rx 0.752379 1 1 3 337 0
Tx 0.752518 1 1 3 559 
Rx 0.752736 1 1 3 935 0
Tx 0.753018 1 1 3 1410 
Rx 0.753182 1 1 3 559 0
Rx 0.753486 1 1 3 1410 0
Tx 0.753518 1 1 3 84 
Tx 0.754018 1 1 3 1410 
Tx 0.754768 1 1 3 84 
Tx 0.755018 1 1 3 935 
Tx 0.755268 1 1 3 559 
Rx 0.755414 1 1 3 84 0
Rx 0.755486 1 1 3 935 0
Rx 0.755736 1 1 3 559 0
Tx 0.756518 1 1 3 935 
Tx 0.756768 1 1 3 559 
Tx 0.757268 1 1 3 841 
Tx 0.757518 1 1 3 653 
Tx 0.758018 1 1 3 1315 
Rx 0.758504 1 1 3 1315 0
Tx 0.758518 1 1 3 179 
Tx 0.759018 1 1 3 657 
Rx 0.759182 1 1 3 179 0
Rx 0.759486 1 1 3 657 0
Tx 0.759518 1 1 3 837 
Tx 0.760018 1 1 3 1492 
Tx 0.761518 1 1 3 935 
Tx 0.761768 1 1 3 559 
Tx 0.762268 1 1 3 467 
Tx 0.762518 1 1 3 467 
Tx 0.762768 1 1 3 562 
Rx 0.762932 1 1 3 467 0
Tx 0.763018 1 1 3 935 
Rx 0.763182 1 1 3 467 0
Tx 0.763268 1 1 3 559 
Rx 0.763432 1 1 3 562 0
Rx 0.763682 1 1 3 935 0
Rx 0.763932 1 1 3 559 0
Tx 0.764768 1 1 3 1410 
Tx 0.765018 1 1 3 1410 
Tx 0.765518 1 1 3 168 
Tx 0.766018 1 1 3 1173 
Tx 0.766518 1 1 3 321 
Tx 0.767018 1 1 3 1007 
Tx 0.767768 1 1 3 487 
Tx 0.768018 1 1 3 935 
Tx 0.768268 1 1 3 559 
Tx 0.769268 1 2 3 372 
Tx 0.769268 1 3 3 372 
Tx 0.769268 1 4 3 372 
Tx 0.769268 1 5 3 372 
Tx 0.769268 1 6 3 372 
Tx 0.769268 1 7 3 372 
Tx 0.769518 1 1 3 1492 
Tx 0.769518 1 2 3 309 
Tx 0.769518 1 3 3 309 
Tx 0.769518 1 4 3 309 
Tx 0.769518 1 5 3 309 
Tx 0.769518 1 6 3 309 
Tx 0.769518 1 7 3 309 
Tx 0.769768 1 2 3 309 
Tx 0.769768 1 3 3 309 
Tx 0.769768 1 4 3 309 
Tx 0.769768 1 5 3 309 
Tx 0.769768 1 6 3 309 
Tx 0.769768 1 7 3 309 
Rx 0.769825 1 7 3 372 0
Rx 0.769825 1 6 3 372 0
Rx 0.769932 1 4 3 372 0
Rx 0.769932 1 3 3 372 0
Rx 0.769932 1 5 3 372 0
Rx 0.770093 1 7 3 309 0
Rx 0.770093 1 6 3 309 0
Rx 0.770182 1 4 3 309 0
Rx 0.770182 1 3 3 309 0
Rx 0.770182 1 5 3 309 0
Rx 0.770343 1 7 3 309 0
Rx 0.770343 1 6 3 309 0
Rx 0.770432 1 4 3 309 0
Rx 0.770432 1 3 3 309 0
Rx 0.770432 1 5 3 309 0
Tx 0.770518 1 1 3 1291 
Tx 0.770768 1 1 3 203 
Tx 0.771268 1 1 3 841 
Tx 0.771518 1 1 3 653 
Rx 0.771736 1 1 3 841 0
Tx 0.772018 1 1 3 841 
Tx 0.772768 1 1 3 578 
Tx 0.773018 1 1 3 1157 
Tx 0.773268 1 1 3 414 
Rx 0.773432 1 1 3 578 0
Rx 0.773575 1 1 3 1157 0
Rx 0.773754 1 1 3 414 0
Tx 0.774768 1 1 3 841 
Tx 0.775018 1 1 3 841 
Tx 0.775268 1 1 3 841 
Tx 0.775518 1 1 3 467 
Tx 0.776018 1 1 3 578 
Rx 0.776182 1 1 3 467 0
Rx 0.776486 1 1 3 578 0
Tx 0.776518 1 1 3 841 
Tx 0.776768 1 1 3 77 
Tx 0.777018 1 1 3 1492 
Tx 0.778518 1 1 3 841 
Tx 0.778768 1 1 3 653 
Tx 0.779268 1 1 3 1157 
Tx 0.779518 1 1 3 337 
Rx 0.779754 1 1 3 1157 0
Tx 0.780018 1 1 3 578 
Rx 0.780182 1 1 3 337 0
Rx 0.780486 1 1 3 578 0
Tx 0.780518 1 1 3 916 
Tx 0.781018 1 1 3 1291 
Rx 0.781182 1 1 3 916 0
Rx 0.781486 1 1 3 1291 0
Tx 0.781518 1 1 3 203 
Tx 0.782018 1 1 3 1410 
Tx 0.782518 1 1 3 84 
Tx 0.783018 1 1 3 396 
Rx 0.783182 1 1 3 84 0
Rx 0.783486 1 1 3 396 0
Tx 0.783518 1 1 3 1098 
Tx 0.784018 1 1 3 1173 
Tx 0.784768 1 1 3 321 
Tx 0.785018 1 1 3 752 
Tx 0.785268 1 1 3 742 
Rx 0.785379 1 1 3 321 0
Rx 0.785486 1 1 3 752 0
Rx 0.785736 1 1 3 742 0
Tx 0.786518 1 1 3 935 
Tx 0.786768 1 1 3 559 
Rx 0.787182 1 1 3 935 0
Tx 0.787268 1 1 3 1291 
Rx 0.787432 1 1 3 559 0
Tx 0.787518 1 1 3 203 
Rx 0.787736 1 1 3 1291 0
Tx 0.788018 1 1 3 1291 
Tx 0.788518 1 1 3 203 
Tx 0.789018 1 1 3 1054 
Tx 0.789518 1 1 3 440 
Tx 0.790018 1 1 3 514 
Rx 0.790182 1 1 3 440 0
Rx 0.790486 1 1 3 514 0
Tx 0.790518 1 1 3 752 
Tx 0.790768 1 1 3 230 
Tx 0.791018 1 1 3 1492 
Rx 0.791182 1 1 3 752 0
Rx 0.791396 1 1 3 230 0
Rx 0.791504 1 1 3 1492 0
Tx 0.792518 1 1 3 1315 
Tx 0.792768 1 1 3 179 
Rx 0.793182 1 1 3 1315 0
Rx 0.793236 1 1 3 179 0
Tx 0.793268 1 1 3 752 
Tx 0.793518 1 1 3 742 
Rx 0.793736 1 1 3 752 0
Tx 0.794018 1 1 3 1492 
Tx 0.795518 1 1 3 1492 
Tx 0.795518 1 2 3 309 
Tx 0.795518 1 3 3 309 
Tx 0.795518 1 4 3 309 
Tx 0.795518 1 5 3 309 
Tx 0.795518 1 6 3 309 
Tx 0.795518 1 7 3 309 
Tx 0.795768 1 2 3 309 
Tx 0.795768 1 3 3 309 
Tx 0.795768 1 4 3 309 
Tx 0.795768 1 5 3 309 
Tx 0.795768 1 6 3 309 
Tx 0.795768 1 7 3 309 
Tx 0.796018 1 2 3 309 
Tx 0.796018 1 3 3 309 
Tx 0.796018 1 4 3 309 
Tx 0.796018 1 5 3 309 
Tx 0.796018 1 6 3 309 
Tx 0.796018 1 7 3 309 
Rx 0.796093 1 7 3 309 0
Rx 0.796093 1 6 3 309 0
Rx 0.796182 1 4 3 309 0
Rx 0.796343 1 7 3 309 0
Rx 0.796343 1 6 3 309 0
Rx 0.796432 1 5 3 309 0
Rx 0.796432 1 4 3 309 0
Rx 0.796593 1 7 3 309 0
Rx 0.796593 1 6 3 309 0
Rx 0.796682 1 5 3 309 0
Rx 0.796682 1 4 3 309 0
Tx 0.821268 1 1 3 752 
Tx 0.821518 1 1 3 182 
Tx 0.821768 1 1 3 309 
Tx 0.821768 1 2 3 309 
Tx 0.821768 1 3 3 309 
Tx 0.821768 1 4 3 309 
Tx 0.821768 1 5 3 309 
Tx 0.821768 1 6 3 309 
Tx 0.821768 1 7 3 309 
Rx 0.821932 1 1 3 752 0
Tx 0.822018 1 1 3 10860 
Tx 0.822018 1 2 3 309 
Tx 0.822018 1 3 3 309 
Tx 0.822018 1 4 3 309 
Tx 0.822018 1 5 3 309 
Tx 0.822018 1 6 3 309 
Tx 0.822018 1 7 3 309 
Rx 0.822182 1 1 3 182 0
Tx 0.822268 1 1 3 10860 
Tx 0.822268 1 2 3 309 
Tx 0.822268 1 3 3 309 
Tx 0.822268 1 4 3 309 
Tx 0.822268 1 5 3 309 
Tx 0.822268 1 6 3 309 
Tx 0.822268 1 7 3 309 
Rx 0.822343 1 7 3 309 0
Rx 0.822343 1 5 3 309 0
Rx 0.822343 1 6 3 309 0
Rx 0.822432 1 4 3 309 0
Rx 0.822432 1 3 3 309 0
Rx 0.822593 1 7 3 309 0
Rx 0.822593 1 5 3 309 0
Rx 0.822593 1 6 3 309 0
Rx 0.822682 1 4 3 309 0
Rx 0.822682 1 3 3 309 0
Rx 0.822843 1 7 3 309 0
Rx 0.822843 1 5 3 309 0
Rx 0.822843 1 6 3 309 0
Rx 0.822932 1 4 3 309 0
Rx 0.822932 1 3 3 309 0
Tx 0.848018 1 1 3 372 
Tx 0.848018 1 2 3 372 
Tx 0.848018 1 3 3 372 
Tx 0.848018 1 4 3 372 
Tx 0.848018 1 5 3 372 
Tx 0.848018 1 6 3 372 
Tx 0.848018 1 7 3 372 
Tx 0.848268 1 1 3 372 
Tx 0.848268 1 2 3 372 
Tx 0.848268 1 3 3 372 
Tx 0.848268 1 4 3 372 
Tx 0.848268 1 5 3 372 
Tx 0.848268 1 6 3 372 
Tx 0.848268 1 7 3 372 
Tx 0.848518 1 1 3 246 
Tx 0.848518 1 2 3 246 
Tx 0.848518 1 3 3 246 
Tx 0.848518 1 4 3 246 
Tx 0.848518 1 5 3 246 
Tx 0.848518 1 6 3 246 
Tx 0.848518 1 7 3 246 
Rx 0.848575 1 5 3 372 0
Rx 0.848575 1 7 3 372 0
Rx 0.848575 1 6 3 372 0
Rx 0.848682 1 4 3 372 0
Rx 0.848682 1 2 3 372 0
Rx 0.848682 1 3 3 372 0
Rx 0.848682 1 1 3 372 0
Tx 0.848768 1 1 3 309 
Tx 0.848768 1 2 3 3773 
Tx 0.848768 1 3 3 8686 
Tx 0.848768 1 4 3 7079 
Tx 0.848768 1 5 3 8686 
Tx 0.848768 1 6 3 8686 
Tx 0.848768 1 7 3 8025 
Rx 0.848825 1 5 3 372 0
Rx 0.848825 1 7 3 372 0
Rx 0.848825 1 6 3 372 0
Rx 0.848932 1 4 3 372 0
Rx 0.848932 1 2 3 372 0
Rx 0.848932 1 3 3 372 0
Rx 0.848932 1 1 3 372 0
Tx 0.849018 1 1 3 388 
Tx 0.849018 1 2 3 4716 
Tx 0.849018 1 3 3 10860 
Tx 0.849018 1 4 3 8852 
Tx 0.849018 1 5 3 10860 
Tx 0.849018 1 6 3 10860 
Tx 0.849018 1 7 3 10033 
Rx 0.849111 1 5 3 246 0
Rx 0.849111 1 7 3 246 0
Rx 0.849111 1 6 3 246 0
Rx 0.849182 1 4 3 246 0
Rx 0.849182 1 2 3 246 0
Rx 0.849182 1 3 3 246 0
Rx 0.849182 1 1 3 246 0
Tx 0.849268 1 1 3 388 
Tx 0.849268 1 2 3 4716 
Tx 0.849268 1 3 3 10860 
Tx 0.849268 1 4 3 8852 
Tx 0.849268 1 5 3 10860 
Tx 0.849268 1 6 3 10860 
Tx 0.849268 1 7 3 10033 
Rx 0.849361 1 5 3 8686 0
Rx 0.849361 1 6 3 8686 0
Rx 0.849432 1 4 3 7079 0
Rx 0.849432 1 3 3 8686 0
Rx 0.849593 1 5 3 10860 0
Rx 0.849593 1 6 3 10860 0
Rx 0.849682 1 4 3 8852 0
Rx 0.849682 1 3 3 10860 0
Rx 0.849843 1 5 3 10860 0
Rx 0.849843 1 6 3 10860 0
Rx 0.849932 1 4 3 8852 0
Rx 0.849932 1 3 3 10860 0
Tx 0.875018 1 1 3 372 
Tx 0.875018 1 2 3 372 
Tx 0.875018 1 3 3 372 
Tx 0.875018 1 4 3 372 
Tx 0.875018 1 5 3 372 
Tx 0.875018 1 6 3 372 
Tx 0.875018 1 7 3 372 
Tx 0.875268 1 1 3 372 
Tx 0.875268 1 2 3 372 
Tx 0.875268 1 3 3 372 
Tx 0.875268 1 4 3 372 
Tx 0.875268 1 5 3 372 
Tx 0.875268 1 6 3 372 
Tx 0.875268 1 7 3 372 
Tx 0.875518 1 1 3 309 
Tx 0.875518 1 2 3 309 
Tx 0.875518 1 3 3 309 
Tx 0.875518 1 4 3 309 
Tx 0.875518 1 5 3 309 
Tx 0.875518 1 6 3 309 
Tx 0.875518 1 7 3 309 
Rx 0.875575 1 5 3 372 0
Rx 0.875575 1 6 3 372 0
Rx 0.875575 1 7 3 372 0
Rx 0.875682 1 3 3 372 0
Rx 0.875682 1 2 3 372 0
Rx 0.875682 1 4 3 372 0
Rx 0.875825 1 5 3 372 0
Rx 0.875825 1 6 3 372 0
Rx 0.875825 1 7 3 372 0
Rx 0.875932 1 3 3 372 0
Rx 0.875932 1 2 3 372 0
Rx 0.875932 1 4 3 372 0
Rx 0.876093 1 5 3 309 0
Rx 0.876093 1 6 3 309 0
Rx 0.876093 1 7 3 309 0
Rx 0.876182 1 3 3 309 0
Rx 0.876182 1 2 3 309 0
Rx 0.876182 1 4 3 309 0
Tx 0.901268 1 1 3 372 
Tx 0.901268 1 2 3 372 
Tx 0.901268 1 3 3 372 
Tx 0.901268 1 4 3 372 
Tx 0.901268 1 5 3 372 
Tx 0.901268 1 6 3 372 
Tx 0.901268 1 7 3 372 
Tx 0.901518 1 1 3 246 
Tx 0.901518 1 2 3 246 
Tx 0.901518 1 3 3 246 
Tx 0.901518 1 4 3 246 
Tx 0.901518 1 5 3 246 
Tx 0.901518 1 6 3 246 
Tx 0.901518 1 7 3 246 
Tx 0.901768 1 1 3 309 
Tx 0.901768 1 2 3 309 
Tx 0.901768 1 3 3 309 
Tx 0.901768 1 4 3 309 
Tx 0.901768 1 5 3 309 
Tx 0.901768 1 6 3 309 
Tx 0.901768 1 7 3 309 
Rx 0.901825 1 5 3 372 0
Rx 0.901825 1 6 3 372 0
Rx 0.901825 1 7 3 372 0
Rx 0.901932 1 3 3 372 0
Rx 0.901932 1 4 3 372 0
Rx 0.902111 1 5 3 246 0
Rx 0.902111 1 6 3 246 0
Rx 0.902111 1 7 3 246 0
Rx 0.902182 1 3 3 246 0
Rx 0.902182 1 4 3 246 0
Rx 0.902343 1 6 3 309 0
Rx 0.902343 1 5 3 309 0
Rx 0.902343 1 7 3 309 0
Rx 0.902432 1 4 3 309 0
Rx 0.902432 1 3 3 309 0
Tx 0.927518 1 1 3 246 
Tx 0.927518 1 2 3 246 
Tx 0.927518 1 3 3 246 
Tx 0.927518 1 4 3 246 
Tx 0.927518 1 5 3 246 
Tx 0.927518 1 6 3 246 
Tx 0.927518 1 7 3 246 
Tx 0.927768 1 1 3 246 
Tx 0.927768 1 2 3 246 
Tx 0.927768 1 3 3 246 
Tx 0.927768 1 4 3 246 
Tx 0.927768 1 5 3 246 
Tx 0.927768 1 6 3 246 
Tx 0.927768 1 7 3 246 
Tx 0.928018 1 1 3 309 
Tx 0.928018 1 2 3 309 
Tx 0.928018 1 3 3 309 
Tx 0.928018 1 4 3 309 
Tx 0.928018 1 5 3 309 
Tx 0.928018 1 6 3 309 
Tx 0.928018 1 7 3 309 
Rx 0.928111 1 6 3 246 0
Rx 0.928111 1 5 3 246 0
Rx 0.928111 1 7 3 246 0
Rx 0.928182 1 3 3 246 0
Rx 0.928182 1 4 3 246 0
Rx 0.928182 1 2 3 246 0
Rx 0.928182 1 1 3 246 0
Tx 0.928268 1 1 3 427 
Tx 0.928268 1 2 3 935 
Tx 0.928268 1 3 3 10860 
Tx 0.928268 1 4 3 10033 
Tx 0.928268 1 5 3 935 
Tx 0.928268 1 6 3 10860 
Tx 0.928268 1 7 3 5899 
Rx 0.928361 1 6 3 246 0
Rx 0.928361 1 7 3 246 0
Rx 0.928432 1 3 3 246 0
Rx 0.928432 1 4 3 246 0
Rx 0.928432 1 2 3 246 0
Rx 0.928432 1 1 3 246 0
Tx 0.928518 1 1 3 688 
Tx 0.928518 1 2 3 1505 
Tx 0.928518 1 3 3 17383 
Tx 0.928518 1 4 3 16058 
Rx 0.928593 1 6 3 309 0
Rx 0.928593 1 7 3 309 0
Rx 0.928682 1 3 3 309 0
Rx 0.928682 1 4 3 309 0
Rx 0.928682 1 2 3 309 0
Rx 0.928843 1 6 3 10860 0
Rx 0.928843 1 7 3 5899 0
Rx 0.928932 1 3 3 10860 0
Rx 0.928932 1 4 3 10033 0
Rx 0.928932 1 2 3 935 0
Rx 0.929182 1 3 3 17383 0
Rx 0.929182 1 4 3 16058 0
Rx 0.929182 1 2 3 1505 0
Tx 0.954268 1 1 3 372 
Tx 0.954268 1 2 3 372 
Tx 0.954268 1 3 3 372 
Tx 0.954268 1 4 3 372 
Tx 0.954268 1 5 3 372 
Tx 0.954268 1 6 3 372 
Tx 0.954268 1 7 3 372 
Tx 0.954518 1 1 3 246 
Tx 0.954518 1 2 3 246 
Tx 0.954518 1 3 3 246 
Tx 0.954518 1 4 3 246 
Tx 0.954518 1 5 3 246 
Tx 0.954518 1 6 3 246 
Tx 0.954518 1 7 3 246 
Tx 0.954768 1 1 3 246 
Tx 0.954768 1 2 3 246 
Tx 0.954768 1 3 3 246 
Tx 0.954768 1 4 3 246 
Tx 0.954768 1 5 3 246 
Tx 0.954768 1 6 3 246 
Tx 0.954768 1 7 3 246 
Rx 0.954825 1 1 3 372 0
Rx 0.954825 1 7 3 372 0
Rx 0.954825 1 2 3 372 0
Rx 0.954932 1 5 3 372 0
Rx 0.954932 1 6 3 372 0
Rx 0.954932 1 3 3 372 0
Tx 0.955018 1 1 3 3773 
Tx 0.955018 1 2 3 13223 
Tx 0.955018 1 3 3 688 
Rx 0.955111 1 1 3 246 0
Rx 0.955111 1 7 3 246 0
Rx 0.955111 1 2 3 246 0
Rx 0.955182 1 4 3 246 0
Rx 0.955182 1 5 3 246 0
Rx 0.955182 1 6 3 246 0
Rx 0.955182 1 3 3 246 0
Tx 0.955268 1 1 3 2000 
Tx 0.955268 1 2 3 5899 
Tx 0.955268 1 3 3 427 
Tx 0.955268 1 4 3 427 
Tx 0.955268 1 5 3 427 
Tx 0.955268 1 6 3 10860 
Tx 0.955268 1 7 3 2906 
Rx 0.955361 1 1 3 246 0
Rx 0.955361 1 7 3 246 0
Rx 0.955361 1 2 3 246 0
Rx 0.955432 1 4 3 246 0
Rx 0.955432 1 5 3 246 0
Rx 0.955432 1 6 3 246 0
Rx 0.955432 1 3 3 246 0
Tx 0.955518 1 1 3 1597 
Tx 0.955518 1 2 3 4716 
Tx 0.955518 1 3 3 340 
Tx 0.955518 1 4 3 593 
Tx 0.955518 1 5 3 1157 
Tx 0.955518 1 6 3 8686 
Tx 0.955518 1 7 3 2071 
Rx 0.955682 1 3 3 688 0
Tx 0.955768 1 1 3 2000 
Tx 0.955768 1 2 3 5899 
Tx 0.955768 1 3 3 10860 
Tx 0.955768 1 4 3 744 
Tx 0.955768 1 5 3 1449 
Tx 0.955768 1 6 3 10860 
Tx 0.955768 1 7 3 2590 
Rx 0.955843 1 7 3 2906 0
Rx 0.955843 1 2 3 5899 0
Rx 0.955932 1 5 3 427 0
Rx 0.955932 1 4 3 427 0
Rx 0.955932 1 6 3 10860 0
Rx 0.955932 1 3 3 427 0
Tx 0.956018 1 1 3 1449 
Tx 0.956018 1 2 3 5899 
Tx 0.956018 1 3 3 427 
Tx 0.956018 1 4 3 935 
Tx 0.956018 1 5 3 1449 
Tx 0.956018 1 6 3 10860 
Tx 0.956018 1 7 3 2906 
Rx 0.956111 1 7 3 2071 0
Rx 0.956111 1 2 3 4716 0
Rx 0.956182 1 5 3 1157 0
Rx 0.956182 1 4 3 593 0
Rx 0.956182 1 6 3 8686 0
Rx 0.956182 1 3 3 340 0
Tx 0.956268 1 1 3 1723 
Tx 0.956268 1 2 3 7669 
Tx 0.956268 1 3 3 427 
Tx 0.956268 1 4 3 744 
Tx 0.956268 1 5 3 1449 
Tx 0.956268 1 6 3 10860 
Tx 0.956268 1 7 3 5072 
Rx 0.956343 1 7 3 2590 0
Rx 0.956343 1 2 3 5899 0
Rx 0.956432 1 4 3 744 0
Rx 0.956432 1 6 3 10860 0
Tx 0.956518 1 1 3 2764 
Tx 0.956518 1 2 3 12277 
Tx 0.956518 1 3 3 688 
Tx 0.956518 1 4 3 1188 
Rx 0.956593 1 1 3 1449 0
Rx 0.956593 1 7 3 2906 0
Rx 0.956593 1 2 3 5899 0
Rx 0.956682 1 6 3 10860 0
Rx 0.956682 1 3 3 427 0
Tx 0.956768 1 1 3 3109 
Tx 0.956768 1 2 3 13813 
Tx 0.956768 1 3 3 769 
Tx 0.956768 1 4 3 1339 
Rx 0.956843 1 1 3 1723 0
Rx 0.956843 1 2 3 7669 0
Rx 0.956932 1 4 3 744 0
Rx 0.956932 1 6 3 10860 0
Tx 0.957018 1 1 3 3109 
Tx 0.957018 1 2 3 13813 
Rx 0.957182 1 4 3 1188 0
Rx 0.957182 1 3 3 688 0
Rx 0.957182 1 2 3 12277 0
Tx 0.957268 1 1 3 2590 
Tx 0.957268 1 2 3 16885 
Tx 0.957268 1 3 3 18187 
Tx 0.957268 1 4 3 22086 
Rx 0.957432 1 2 3 13813 0
Rx 0.957432 1 4 3 1339 0
Rx 0.957432 1 3 3 769 0
Tx 0.957518 1 1 3 1410 
Tx 0.957518 1 2 3 9205 
Tx 0.957518 1 3 3 9917 
Tx 0.957518 1 4 3 12043 
Rx 0.957682 1 2 3 13813 0
Tx 0.957768 1 1 3 1644 
Tx 0.957768 1 2 3 10741 
Tx 0.957768 1 3 3 11569 
Tx 0.957768 1 4 3 14050 
Rx 0.957932 1 4 3 22086 0
Rx 0.957932 1 2 3 16885 0
Rx 0.957932 1 3 3 18187 0
Tx 0.958018 1 1 3 935 
Tx 0.958018 1 2 3 12277 
Tx 0.958018 1 3 3 16058 
Tx 0.958018 1 4 3 16058 
Rx 0.958182 1 3 3 9917 0
Rx 0.958182 1 2 3 9205 0
Tx 0.958268 1 1 3 1636 
Tx 0.958268 1 2 3 19486 
Tx 0.958268 1 3 3 23904 
Tx 0.958268 1 4 3 12989 
Rx 0.958432 1 2 3 10741 0
Rx 0.958432 1 3 3 11569 0
Tx 0.958518 1 1 3 1188 
Tx 0.958518 1 2 3 14169 
Tx 0.958518 1 3 3 17383 
Tx 0.958518 1 4 3 9443 
Rx 0.958682 1 1 3 935 0
Rx 0.958682 1 2 3 12277 0
Rx 0.958682 1 3 3 16058 0
Tx 0.958768 1 1 3 1339 
Tx 0.958768 1 2 3 15942 
Tx 0.958768 1 3 3 19557 
Tx 0.958768 1 4 3 10626 
Rx 0.958932 1 1 3 1636 0
Rx 0.958932 1 2 3 19486 0
Rx 0.958932 1 3 3 23904 0
Tx 0.959018 1 1 3 3805 
Tx 0.959018 1 2 3 19486 
Tx 0.959018 1 3 3 23904 
Tx 0.959018 1 4 3 11687 
Rx 0.959182 1 1 3 1188 0
Rx 0.959182 1 4 3 9443 0
Rx 0.959182 1 3 3 17383 0
Tx 0.959268 1 1 3 3196 
Tx 0.959268 1 2 3 15586 
Tx 0.959268 1 3 3 23904 
Tx 0.959268 1 4 3 15586 
Rx 0.959432 1 1 3 1339 0
Rx 0.959432 1 4 3 10626 0
Rx 0.959432 1 3 3 19557 0
Tx 0.959518 1 1 3 2321 
Tx 0.959518 1 2 3 11334 
Tx 0.959518 1 3 3 17383 
Tx 0.959518 1 4 3 11334 
Rx 0.959682 1 4 3 11687 0
Rx 0.959682 1 3 3 23904 0
Tx 0.959768 1 1 3 2614 
Tx 0.959768 1 2 3 12752 
Tx 0.959768 1 3 3 19557 
Tx 0.959768 1 4 3 12752 
Rx 0.959932 1 1 3 3196 0
Rx 0.959932 1 4 3 15586 0
Rx 0.959932 1 2 3 15586 0
Rx 0.959932 1 3 3 23904 0
Tx 0.960018 1 1 3 3196 
Tx 0.960018 1 2 3 15586 
Tx 0.960018 1 3 3 23124 
Tx 0.960018 1 4 3 16885 
Rx 0.960182 1 1 3 2321 0
Rx 0.960182 1 4 3 11334 0
Rx 0.960182 1 3 3 17383 0
Tx 0.960268 1 1 3 3488 
Tx 0.960268 1 2 3 12752 
Tx 0.960268 1 3 3 26077 
Tx 0.960268 1 4 3 19841 
Rx 0.960432 1 1 3 2614 0
Rx 0.960432 1 4 3 12752 0
Rx 0.960432 1 3 3 19557 0
Tx 0.960518 1 1 3 2614 
Tx 0.960518 1 2 3 9561 
Tx 0.960518 1 3 3 19557 
Tx 0.960518 1 4 3 14878 
Rx 0.960682 1 1 3 3196 0
Rx 0.960682 1 4 3 16885 0
Rx 0.960682 1 3 3 23124 0
Tx 0.960768 1 1 3 2614 
Tx 0.960768 1 2 3 9561 
Tx 0.960768 1 3 3 19557 
Tx 0.960768 1 4 3 13813 
Rx 0.960932 1 2 3 12752 0
Rx 0.960932 1 4 3 19841 0
Rx 0.960932 1 3 3 26077 0
Tx 0.961018 1 1 3 1489 
Tx 0.961018 1 2 3 10626 
Tx 0.961018 1 3 3 11546 
Tx 0.961018 1 4 3 15349 
Rx 0.961182 1 1 3 2614 0
Rx 0.961182 1 3 3 19557 0
Rx 0.961182 1 2 3 9561 0
Tx 0.961268 1 1 3 2119 
Tx 0.961268 1 2 3 11687 
Tx 0.961268 1 4 3 3607 
Rx 0.961432 1 1 3 2614 0
Rx 0.961432 1 2 3 9561 0
Tx 0.961518 1 1 3 1173 
Tx 0.961518 1 2 3 6489 
Tx 0.961518 1 4 3 5309 
Rx 0.961682 1 1 3 1489 0
Rx 0.961682 1 2 3 10626 0
Rx 0.961682 1 3 3 11546 0
Tx 0.961768 1 1 3 1644 
Tx 0.961768 1 2 3 9090 
Tx 0.961768 1 4 3 7435 
Rx 0.961932 1 1 3 2119 0
Rx 0.961932 1 4 3 3607 0
Rx 0.961932 1 2 3 11687 0
Tx 0.962018 1 1 3 2764 
Tx 0.962018 1 2 3 10388 
Tx 0.962018 1 4 3 10388 
Rx 0.962182 1 1 3 1173 0
Rx 0.962182 1 4 3 5309 0
Tx 0.962268 1 1 3 4007 
Tx 0.962268 1 2 3 9443 
Tx 0.962268 1 4 3 17712 
Rx 0.962432 1 1 3 1644 0
Rx 0.962432 1 4 3 7435 0
Tx 0.962518 1 1 3 2803 
Tx 0.962518 1 2 3 6608 
Tx 0.962518 1 3 3 1492 
Tx 0.962518 1 4 3 12396 
Rx 0.962682 1 1 3 2764 0
Rx 0.962682 1 4 3 10388 0
Tx 0.962768 1 1 3 3607 
Tx 0.962768 1 2 3 8497 
Tx 0.962768 1 4 3 13971 
Rx 0.962932 1 2 3 9443 0
Rx 0.962932 1 4 3 17712 0
Tx 0.963018 1 1 3 2071 
Tx 0.963018 1 2 3 8900 
Tx 0.963018 1 4 3 1492 
Rx 0.963075 1 3 3 1492 0
Rx 0.963182 1 2 3 6608 0
Rx 0.963432 1 2 3 8497 0
Rx 0.963682 1 2 3 8900 0
Tx 0.988768 1 1 3 372 
Tx 0.988768 1 2 3 372 
Tx 0.988768 1 3 3 372 
Tx 0.988768 1 4 3 372 
Tx 0.988768 1 5 3 372 
Tx 0.988768 1 6 3 372 
Tx 0.988768 1 7 3 372 
Tx 0.989018 1 1 3 372 
Tx 0.989018 1 2 3 372 
Tx 0.989018 1 3 3 372 
Tx 0.989018 1 4 3 372 
Tx 0.989018 1 5 3 372 
Tx 0.989018 1 6 3 372 
Tx 0.989018 1 7 3 372 
Tx 0.989268 1 1 3 372 
Tx 0.989268 1 2 3 372 
Tx 0.989268 1 3 3 372 
Tx 0.989268 1 4 3 372 
Tx 0.989268 1 5 3 372 
Tx 0.989268 1 6 3 372 
Tx 0.989268 1 7 3 372 
Rx 0.989325 1 7 3 372 0
Rx 0.989325 1 2 3 372 0
Rx 0.989325 1 1 3 372 0
Rx 0.989432 1 3 3 372 0
Rx 0.989432 1 6 3 372 0
Tx 0.989518 1 1 3 2400 
Tx 0.989518 1 2 3 8497 
Tx 0.989518 1 3 3 514 
Rx 0.989575 1 7 3 372 0
Rx 0.989575 1 2 3 372 0
Rx 0.989575 1 1 3 372 0
Rx 0.989682 1 5 3 372 0
Rx 0.989682 1 3 3 372 0
Rx 0.989682 1 6 3 372 0
Tx 0.989768 1 1 3 3204 
Tx 0.989768 1 2 3 11334 
Tx 0.989768 1 3 3 688 
Rx 0.989825 1 7 3 372 0
Rx 0.989825 1 2 3 372 0
Rx 0.989825 1 1 3 372 0
Rx 0.989932 1 5 3 372 0
Rx 0.989932 1 3 3 372 0
Rx 0.989932 1 6 3 372 0
Tx 0.990018 1 1 3 4245 
Tx 0.990018 1 2 3 12752 
Tx 0.990018 1 3 3 769 
Rx 0.990182 1 3 3 514 0
Rx 0.990182 1 1 3 2400 0
Tx 0.990268 1 1 3 9066 
Tx 0.990268 1 2 3 6584 
Tx 0.990268 1 3 3 26077 
Rx 0.990432 1 3 3 688 0
Rx 0.990432 1 1 3 3204 0
Tx 0.990518 1 1 3 5285 
Tx 0.990518 1 3 3 12614 
Rx 0.990682 1 1 3 4245 0
Rx 0.990682 1 3 3 769 0
Tx 0.990768 1 1 3 6041 
Rx 0.990932 1 2 3 6584 0
Rx 0.990932 1 3 3 26077 0
Tx 0.991018 1 1 3 4411 
Tx 0.991018 1 3 3 1492 
Rx 0.991182 1 3 3 12614 0
Tx 0.991268 1 1 3 1739 
Tx 0.991518 1 1 3 1196 
Tx 0.991518 1 2 3 1492 
Rx 0.991611 1 3 3 1492 0
Rx 0.991682 1 1 3 4411 0
Tx 0.991768 1 1 3 2321 
Rx 0.991932 1 1 3 1739 0
Tx 0.992018 1 1 3 2000 
Tx 0.992268 1 1 3 1739 
Tx 0.992518 1 1 3 1196 
Tx 0.992518 1 2 3 1492 
Tx 0.992518 1 3 3 1492 
Rx 0.992682 1 1 3 2000 0
Tx 0.992768 1 1 3 1597 
Rx 0.992932 1 1 3 1739 0
Tx 0.993018 1 1 3 5285 
Rx 0.993146 1 3 3 1492 0
Rx 0.993182 1 1 3 1196 0
Tx 0.993268 1 1 3 6984 
Rx 0.993432 1 1 3 1597 0
Tx 0.993518 1 1 3 3773 
Tx 0.993518 1 2 3 1492 
Tx 0.993518 1 3 3 1492 
Rx 0.993682 1 1 3 5285 0
Tx 0.993768 1 1 3 6041 
Rx 0.993932 1 1 3 6984 0
Tx 0.994018 1 1 3 9066 
Rx 0.994111 1 3 3 1492 0
Rx 0.994129 1 2 3 1492 0
Tx 0.994268 1 1 3 6228 
Rx 0.994432 1 1 3 6041 0
Tx 0.994518 1 1 3 3017 
Tx 0.994518 1 2 3 1492 
Tx 0.994518 1 3 3 1492 
Rx 0.994682 1 1 3 9066 0
Tx 0.994768 1 1 3 6041 
Tx 0.995018 1 1 3 4811 
Rx 0.995129 1 3 3 1492 0
Tx 0.995268 1 1 3 4811 
Tx 0.995518 1 1 3 2321 
Tx 0.995518 1 2 3 1492 
Tx 0.995518 1 3 3 1492 
Rx 0.995682 1 1 3 4811 0
Tx 0.995768 1 1 3 4071 
Tx 0.996018 1 1 3 1173 
Rx 0.996129 1 3 3 1492 0
Rx 0.996146 1 2 3 1492 0
Tx 0.996268 1 1 3 4811 
Rx 0.996432 1 1 3 4071 0
Tx 0.996518 1 1 3 2637 
Tx 0.996518 1 2 3 1492 
Tx 0.996518 1 3 3 1492 
Rx 0.996682 1 1 3 1173 0
Tx 0.996768 1 1 3 3960 
Rx 0.996932 1 1 3 4811 0
Tx 0.997018 1 1 3 9348 
Rx 0.997129 1 3 3 1492 0
Tx 0.997268 1 1 3 6984 
Rx 0.997432 1 1 3 3960 0
Tx 0.997518 1 1 3 3394 
Tx 0.997518 1 2 3 1492 
Tx 0.997518 1 3 3 1492 
Rx 0.997682 1 1 3 9348 0
Tx 0.997768 1 1 3 5096 
Rx 0.997932 1 1 3 6984 0
Tx 0.998018 1 1 3 10199 
Rx 0.998129 1 3 3 1492 0
Tx 0.998268 1 1 3 6984 
Rx 0.998432 1 1 3 5096 0
Tx 0.998518 1 1 3 3394 
Tx 0.998518 1 2 3 1492 
Tx 0.998518 1 3 3 1492 
Rx 0.998682 1 1 3 10199 0
Tx 0.998768 1 1 3 5096 
Rx 0.998932 1 1 3 6984 0
Tx 0.999018 1 1 3 10199 
Rx 0.999129 1 3 3 1492 0
Tx 0.999268 1 1 3 4150 
Tx 0.999518 1 1 3 793 
Tx 0.999518 1 2 3 1492 
Tx 0.999518 1 3 3 1492 
Tx 0.999768 1 1 3 793 
Rx 0.999932 1 1 3 4150 0
Tx 1.00002 1 1 3 2071 
Rx 1.00016 1 3 3 1492 0
Tx 1.00027 1 1 3 1339 
Rx 1.00043 1 1 3 793 0
Tx 1.00052 1 1 3 2590 
Tx 1.00052 1 2 3 1492 
Tx 1.00052 1 3 3 1492 
Rx 1.00068 1 1 3 2071 0
Tx 1.00077 1 1 3 3109 
Rx 1.00093 1 1 3 1339 0
Tx 1.00102 1 1 3 1771 
Rx 1.00111 1 3 3 1492 0
Rx 1.00113 1 2 3 1492 0
Rx 1.00143 1 1 3 3109 0
Tx 1.00152 1 2 3 1492 
Tx 1.00152 1 3 3 1492 
Rx 1.00168 1 1 3 1771 0
Rx 1.00215 1 3 3 1492 0
Rx 1.00216 1 2 3 1492 0
Tx 1.00252 1 1 3 1492 
Tx 1.00252 1 2 3 1492 
Tx 1.00252 1 3 3 1492 
Tx 1.00352 1 1 3 1030 
Tx 1.00352 1 2 3 1492 
Tx 1.00352 1 3 3 1492 
Tx 1.00377 1 1 3 464 
Tx 1.00402 1 1 3 514 
Rx 1.00416 1 3 3 1492 0
Rx 1.00418 1 2 3 1492 0
Rx 1.00443 1 1 3 464 0
Tx 1.00452 1 1 3 578 
Tx 1.00452 1 2 3 1492 
Tx 1.00452 1 3 3 1492 
Rx 1.00463 1 1 3 514 0
Tx 1.00477 1 1 3 404 
Tx 1.00502 1 1 3 1157 
Rx 1.00518 1 3 3 1492 0
Tx 1.00527 1 1 3 337 
Rx 1.0054 1 1 3 404 0
Rx 1.0055 1 1 3 1157 0
Tx 1.00552 1 2 3 1492 
Tx 1.00552 1 3 3 1492 
Rx 1.00579 1 1 3 337 0
Rx 1.00618 1 3 3 1492 0
Tx 1.00652 1 1 3 793 
Tx 1.00652 1 2 3 1492 
Tx 1.00652 1 3 3 1492 
Tx 1.00677 1 1 3 701 
Rx 1.00716 1 3 3 1492 0
Rx 1.00718 1 1 3 793 0
Tx 1.00727 1 1 3 793 
Rx 1.00743 1 1 3 701 0
Tx 1.00752 1 1 3 578 
Tx 1.00752 1 2 3 657 
Tx 1.00752 1 3 3 1492 
Rx 1.00775 1 1 3 793 0
Tx 1.00777 1 1 3 125 
Tx 1.00777 1 2 3 837 
Tx 1.00802 1 1 3 1157 
Rx 1.00818 1 3 3 1492 0
Tx 1.00827 1 1 3 182 
Tx 1.00827 1 2 3 1038 
Rx 1.00843 1 2 3 837 0
Tx 1.00852 1 1 3 157 
Tx 1.00852 1 2 3 456 
Tx 1.00852 1 3 3 1492 
Rx 1.00874 1 1 3 182 0
Rx 1.00884 1 2 3 1038 0
Tx 1.00902 1 1 3 372 
Tx 1.00902 1 2 3 1410 
Rx 1.00918 1 3 3 1492 0
Tx 1.00952 1 1 3 372 
Tx 1.00952 1 2 3 84 
Tx 1.00952 1 3 3 1492 
Rx 1.00965 1 2 3 1410 0
Rx 1.00966 1 1 3 372 0
Tx 1.00977 1 1 3 752 
Rx 1.01016 1 3 3 1492 0
Rx 1.01018 1 1 3 372 0
Tx 1.01027 1 1 3 1030 
Rx 1.0104 1 1 3 752 0
Tx 1.01052 1 1 3 464 
Tx 1.01052 1 2 3 1492 
Tx 1.01052 1 3 3 1492 
Rx 1.01077 1 1 3 1030 0
Tx 1.01102 1 1 3 1030 
Tx 1.01152 1 1 3 464 
Tx 1.01152 1 2 3 562 
Tx 1.01152 1 3 3 1492 
Rx 1.01163 1 1 3 1030 0
Tx 1.01177 1 2 3 752 
Tx 1.01202 1 1 3 657 
Tx 1.01202 1 2 3 372 
Rx 1.01215 1 3 3 1492 0
Rx 1.01218 1 2 3 562 0
Tx 1.01227 1 2 3 1304 
Rx 1.01243 1 2 3 752 0
Tx 1.01252 1 1 3 427 
Tx 1.01252 1 3 3 1492 
Rx 1.01265 1 2 3 372 0
Rx 1.01274 1 2 3 1304 0
Tx 1.01277 1 1 3 412 
Tx 1.01302 1 1 3 1030 
Rx 1.01318 1 1 3 427 0
Tx 1.01327 1 1 3 464 
Rx 1.01343 1 1 3 412 0
Tx 1.01352 1 2 3 1492 
Tx 1.01352 1 3 3 1492 
Rx 1.01368 1 1 3 1030 0
Rx 1.01375 1 1 3 464 0
Rx 1.01416 1 3 3 1492 0
Tx 1.01452 1 1 3 1492 
Tx 1.01452 1 2 3 1030 
Tx 1.01452 1 3 3 1492 
Tx 1.01477 1 2 3 464 
Tx 1.01502 1 4 3 752 
Tx 1.01502 1 5 3 752 
Tx 1.01502 1 6 3 752 
Tx 1.01502 1 7 3 752 
Rx 1.01516 1 3 3 1492 0
Rx 1.01518 1 2 3 1030 0
Tx 1.01527 1 2 3 1492 
Tx 1.01527 1 4 3 372 
Tx 1.01527 1 5 3 372 
Tx 1.01527 1 6 3 372 
Tx 1.01527 1 7 3 372 
Rx 1.01536 1 2 3 464 0
Tx 1.01552 1 1 3 467 
Tx 1.01552 1 3 3 1492 
Tx 1.01552 1 4 3 246 
Tx 1.01552 1 5 3 246 
Tx 1.01552 1 6 3 246 
Tx 1.01552 1 7 3 246 
Rx 1.01568 1 6 3 752 0
Rx 1.01568 1 7 3 752 0
Rx 1.01574 1 2 3 1492 0
Tx 1.01577 1 1 3 586 
Rx 1.01593 1 6 3 372 0
Rx 1.01593 1 7 3 372 0
Tx 1.01602 1 1 3 586 
Rx 1.01606 1 3 3 1492 0
Rx 1.01611 1 1 3 467 0
Rx 1.01618 1 6 3 246 0
Rx 1.01618 1 7 3 246 0
Tx 1.01627 1 1 3 1351 
Rx 1.01643 1 1 3 586 0
Tx 1.01652 1 2 3 1492 
Tx 1.01652 1 3 3 1492 
Rx 1.01656 1 1 3 586 0
Rx 1.01677 1 1 3 1351 0
Rx 1.01715 1 3 3 1492 0
Rx 1.01716 1 2 3 1492 0
Tx 1.01752 1 1 3 1315 
Tx 1.01752 1 2 3 1492 
Tx 1.01752 1 3 3 1492 
Tx 1.01777 1 1 3 179 
Tx 1.01827 1 1 3 253 
Tx 1.01852 1 1 3 1241 
Tx 1.01852 1 2 3 1492 
Tx 1.01852 1 3 3 1492 
Rx 1.01877 1 1 3 253 0
Tx 1.01902 1 1 3 1492 
Rx 1.01915 1 3 3 1492 0
Rx 1.01916 1 2 3 1492 0
Tx 1.01952 1 2 3 1492 
Tx 1.01952 1 3 3 1492 
Tx 1.02052 1 1 3 752 
Tx 1.02077 1 1 3 742 
Rx 1.02118 1 1 3 752 0
Tx 1.02127 1 1 3 1492 
Rx 1.02141 1 1 3 742 0
Rx 1.02175 1 1 3 1492 0
Tx 1.02252 1 1 3 752 
Tx 1.02277 1 1 3 742 
Rx 1.02318 1 1 3 752 0
Tx 1.02327 1 1 3 935 
Rx 1.02343 1 1 3 742 0
Tx 1.02352 1 1 3 559 
Rx 1.02374 1 1 3 935 0
Tx 1.02402 1 1 3 935 
Tx 1.02452 1 1 3 559 
Tx 1.02502 1 1 3 1157 
Tx 1.02577 1 1 3 337 
Tx 1.02602 1 1 3 396 
Tx 1.02627 1 1 3 396 
Rx 1.02643 1 1 3 337 0
Tx 1.02652 1 1 3 396 
Rx 1.02659 1 1 3 396 0
Rx 1.02674 1 1 3 396 0
Tx 1.02677 1 1 3 310 
Tx 1.02702 1 1 3 793 
Rx 1.02718 1 1 3 396 0
Tx 1.02727 1 1 3 657 
Rx 1.02736 1 1 3 310 0
Rx 1.0275 1 1 3 793 0
Tx 1.02752 1 1 3 46 
Rx 1.02774 1 1 3 657 0
Tx 1.02802 1 1 3 657 
Rx 1.02818 1 1 3 46 0
Rx 1.02849 1 1 3 657 0
Tx 1.02852 1 1 3 752 
Tx 1.02877 1 1 3 87 
Tx 1.02902 1 1 3 1492 
Rx 1.02918 1 1 3 752 0
Rx 1.02943 1 1 3 87 0
Rx 1.0295 1 1 3 1492 0
Tx 1.03052 1 1 3 1030 
Tx 1.03077 1 1 3 464 
Rx 1.03118 1 1 3 1030 0
Tx 1.03127 1 1 3 752 
Rx 1.03136 1 1 3 464 0
Tx 1.03152 1 1 3 742 
Rx 1.03174 1 1 3 752 0
Tx 1.03202 1 1 3 1492 
Tx 1.03352 1 1 3 793 
Tx 1.03377 1 1 3 701 
Rx 1.03418 1 1 3 793 0
Tx 1.03427 1 1 3 1157 
Rx 1.03441 1 1 3 701 0
Tx 1.03452 1 1 3 337 
Rx 1.03475 1 1 3 1157 0
Tx 1.03502 1 1 3 578 
Rx 1.03518 1 1 3 337 0
Tx 1.03552 1 1 3 657 
Rx 1.03563 1 1 3 578 0
Tx 1.03577 1 1 3 261 
Tx 1.03602 1 1 3 1315 
Tx 1.03627 1 1 3 179 
Rx 1.03674 1 1 3 179 0
Tx 1.03752 1 1 3 793 
Tx 1.03777 1 1 3 701 
Tx 1.03827 1 1 3 935 
Tx 1.03852 1 1 3 559 
Rx 1.03879 1 1 3 935 0
Tx 1.03902 1 1 3 704 
Rx 1.03918 1 1 3 559 0
Tx 1.03952 1 1 3 790 
Rx 1.03952 1 1 3 704 0
Tx 1.04002 1 1 3 1492 
Tx 1.04102 1 1 3 396 
Tx 1.04127 1 1 3 657 
Rx 1.04168 1 1 3 396 0
Tx 1.04177 1 1 3 443 
Rx 1.04193 1 1 3 657 0
Tx 1.04202 1 1 3 657 
Tx 1.04277 1 1 3 578 
Tx 1.04302 1 1 3 1157 
Tx 1.04327 1 1 3 598 
Rx 1.04343 1 1 3 578 0
Rx 1.04368 1 1 3 1157 0
Rx 1.04382 1 1 3 598 0
Tx 1.04477 1 1 3 1054 
Tx 1.04502 1 1 3 1054 
Tx 1.04527 1 1 3 880 
Tx 1.04527 1 2 3 372 
Tx 1.04527 1 3 3 372 
Tx 1.04527 1 4 3 372 
Tx 1.04527 1 5 3 372 
Tx 1.04527 1 6 3 372 
Tx 1.04527 1 7 3 372 
Tx 1.04552 1 2 3 246 
Tx 1.04552 1 3 3 246 
Tx 1.04552 1 4 3 246 
Tx 1.04552 1 5 3 246 
Tx 1.04552 1 6 3 246 
Tx 1.04552 1 7 3 246 
Tx 1.04577 1 2 3 246 
Tx 1.04577 1 3 3 246 
Tx 1.04577 1 4 3 246 
Tx 1.04577 1 5 3 246 
Tx 1.04577 1 6 3 246 
Tx 1.04577 1 7 3 246 
Rx 1.04582 1 6 3 372 0
Rx 1.04582 1 7 3 372 0
Rx 1.04582 1 5 3 372 0
Rx 1.04593 1 3 3 372 0
Rx 1.04593 1 4 3 372 0
Rx 1.04611 1 6 3 246 0
Rx 1.04611 1 7 3 246 0
Rx 1.04611 1 5 3 246 0
Rx 1.04618 1 3 3 246 0
Rx 1.04618 1 2 3 246 0
Rx 1.04618 1 4 3 246 0
Tx 1.04627 1 2 3 11334 
Tx 1.04627 1 3 3 14169 
Tx 1.04627 1 4 3 18421 
Rx 1.04636 1 5 3 246 0
Rx 1.04636 1 6 3 246 0
Rx 1.04636 1 7 3 246 0
Rx 1.04643 1 4 3 246 0
Rx 1.04643 1 3 3 246 0
Rx 1.04643 1 2 3 246 0
Rx 1.04693 1 4 3 18421 0
Rx 1.04693 1 2 3 11334 0
Rx 1.04693 1 3 3 14169 0
Tx 1.07152 1 1 3 246 
Tx 1.07152 1 2 3 3773 
Tx 1.07152 1 3 3 8025 
Tx 1.07152 1 4 3 7079 
Tx 1.07152 1 5 3 246 
Tx 1.07152 1 6 3 246 
Tx 1.07152 1 7 3 246 
Tx 1.07177 1 1 3 309 
Tx 1.07177 1 2 3 4716 
Tx 1.07177 1 3 3 10033 
Tx 1.07177 1 4 3 8852 
Tx 1.07177 1 5 3 309 
Tx 1.07177 1 6 3 309 
Tx 1.07177 1 7 3 309 
Tx 1.07202 1 1 3 309 
Tx 1.07202 1 2 3 309 
Tx 1.07202 1 3 3 309 
Tx 1.07202 1 4 3 309 
Tx 1.07202 1 5 3 309 
Tx 1.07202 1 6 3 309 
Tx 1.07202 1 7 3 309 
Rx 1.07211 1 7 3 246 0
Rx 1.07211 1 6 3 246 0
Rx 1.07234 1 7 3 309 0
Rx 1.07234 1 6 3 309 0
Rx 1.07259 1 6 3 309 0
Rx 1.07259 1 7 3 309 0
Rx 1.07268 1 2 3 309 0
Rx 1.07268 1 4 3 309 0
Rx 1.07268 1 3 3 309 0
Tx 1.09777 1 1 3 309 
Tx 1.09777 1 2 3 309 
Tx 1.09777 1 3 3 309 
Tx 1.09777 1 4 3 309 
Tx 1.09777 1 5 3 309 
Tx 1.09777 1 6 3 309 
Tx 1.09777 1 7 3 309 
Tx 1.09802 1 1 3 309 
Tx 1.09802 1 2 3 309 
Tx 1.09802 1 3 3 309 
Tx 1.09802 1 4 3 309 
Tx 1.09802 1 5 3 309 
Tx 1.09802 1 6 3 309 
Tx 1.09802 1 7 3 309 
Tx 1.09827 1 1 3 372 
Tx 1.09827 1 2 3 372 
Tx 1.09827 1 3 3 372 
Tx 1.09827 1 4 3 372 
Tx 1.09827 1 5 3 372 
Tx 1.09827 1 6 3 372 
Tx 1.09827 1 7 3 372 
Rx 1.09834 1 6 3 309 0
Rx 1.09834 1 5 3 309 0
Rx 1.09834 1 7 3 309 0
Rx 1.09843 1 2 3 309 0
Rx 1.09843 1 4 3 309 0
Rx 1.09843 1 3 3 309 0
Rx 1.09859 1 6 3 309 0
Rx 1.09859 1 7 3 309 0
Rx 1.09868 1 2 3 309 0
Rx 1.09868 1 4 3 309 0
Rx 1.09868 1 3 3 309 0
Rx 1.09882 1 6 3 372 0
Rx 1.09882 1 7 3 372 0
Rx 1.09893 1 2 3 372 0
Rx 1.09893 1 4 3 372 0
Rx 1.09893 1 3 3 372 0
Tx 1.12402 1 1 3 372 
Tx 1.12402 1 2 3 372 
Tx 1.12402 1 3 3 372 
Tx 1.12402 1 4 3 372 
Tx 1.12402 1 5 3 372 
Tx 1.12402 1 6 3 372 
Tx 1.12402 1 7 3 372 
Tx 1.12427 1 1 3 372 
Tx 1.12427 1 2 3 372 
Tx 1.12427 1 3 3 372 
Tx 1.12427 1 4 3 372 
Tx 1.12427 1 5 3 372 
Tx 1.12427 1 6 3 372 
Tx 1.12427 1 7 3 372 
Tx 1.12452 1 1 3 182 
Tx 1.12452 1 2 3 182 
Tx 1.12452 1 3 3 182 
Tx 1.12452 1 4 3 182 
Tx 1.12452 1 5 3 182 
Tx 1.12452 1 6 3 182 
Tx 1.12452 1 7 3 182 
Rx 1.12457 1 7 3 372 0
Rx 1.12457 1 6 3 372 0
Rx 1.12468 1 4 3 372 0
Rx 1.12468 1 2 3 372 0
Rx 1.12468 1 3 3 372 0
Rx 1.12468 1 1 3 372 0
Tx 1.12477 1 1 3 6513 
Rx 1.12482 1 7 3 372 0
Rx 1.12482 1 6 3 372 0
Rx 1.12493 1 4 3 372 0
Rx 1.12493 1 2 3 372 0
Rx 1.12493 1 3 3 372 0
Rx 1.12493 1 1 3 372 0
Tx 1.12502 1 1 3 6513 
Rx 1.12513 1 7 3 182 0
Rx 1.12513 1 6 3 182 0
Rx 1.12518 1 4 3 182 0
Rx 1.12518 1 2 3 182 0
Rx 1.12518 1 3 3 182 0
Rx 1.12518 1 1 3 182 0
Tx 1.12527 1 1 3 21730 
Tx 1.12527 1 2 3 6608 
Tx 1.12527 1 3 3 3457 
Tx 1.12527 1 4 3 21022 
Rx 1.12543 1 1 3 6513 0
Tx 1.12552 1 1 3 15210 
Tx 1.12552 1 2 3 4621 
Tx 1.12552 1 3 3 2416 
Tx 1.12552 1 4 3 14712 
Rx 1.12568 1 1 3 6513 0
Tx 1.12577 1 1 3 19557 
Tx 1.12577 1 2 3 5947 
Tx 1.12577 1 3 3 3109 
Tx 1.12577 1 4 3 18919 
Rx 1.12593 1 2 3 6608 0
Rx 1.12593 1 4 3 21022 0
Rx 1.12593 1 1 3 21730 0
Rx 1.12593 1 3 3 3457 0
Tx 1.12602 1 1 3 21730 
Tx 1.12602 1 2 3 6608 
Tx 1.12602 1 3 3 3457 
Tx 1.12602 1 4 3 21022 
Rx 1.12618 1 4 3 14712 0
Tx 1.12627 1 1 3 22086 
Tx 1.12627 1 2 3 4411 
Rx 1.12643 1 4 3 18919 0
Tx 1.12652 1 1 3 4728 
Tx 1.12652 1 2 3 2803 
Rx 1.12668 1 4 3 21022 0
Tx 1.12677 1 2 3 4007 
Rx 1.12693 1 1 3 22086 0
Rx 1.12693 1 2 3 4411 0
Tx 1.12702 1 1 3 1492 
Tx 1.12702 1 2 3 16532 
Rx 1.12718 1 1 3 4728 0
Rx 1.12718 1 2 3 2803 0
Tx 1.12727 1 2 3 15586 
Rx 1.12743 1 2 3 4007 0
Tx 1.12752 1 2 3 7079 
Rx 1.12756 1 1 3 1492 0
Tx 1.12777 1 2 3 12752 
Rx 1.12793 1 2 3 15586 0
Tx 1.12802 1 2 3 15586 
Tx 1.12827 1 2 3 11334 
Tx 1.12852 1 1 3 1492 
Tx 1.12852 1 2 3 2827 
Tx 1.12877 1 2 3 5662 
Rx 1.12893 1 2 3 11334 0
Tx 1.12902 1 2 3 11334 
Rx 1.12915 1 1 3 1492 0
Rx 1.12918 1 2 3 2827 0
Tx 1.12927 1 2 3 7521 
Rx 1.12943 1 2 3 5662 0
Tx 1.12952 1 1 3 1492 
Rx 1.12968 1 2 3 11334 0
Rx 1.12993 1 2 3 7521 0
Tx 1.13002 1 2 3 1492 
Rx 1.13016 1 1 3 1492 0
Tx 1.13052 1 1 3 1492 
Rx 1.13118 1 1 3 1492 0
Tx 1.13152 1 1 3 1492 
Tx 1.13152 1 2 3 935 
Tx 1.13177 1 2 3 559 
Rx 1.13218 1 1 3 1492 0
Rx 1.13218 1 2 3 935 0
Tx 1.13227 1 2 3 1173 
Rx 1.13241 1 2 3 559 0
Tx 1.13252 1 1 3 1492 
Tx 1.13252 1 2 3 321 
Rx 1.13274 1 2 3 1173 0
Tx 1.13302 1 2 3 1173 
Rx 1.13318 1 1 3 1492 0
Tx 1.13352 1 1 3 1492 
Tx 1.13352 1 2 3 321 
Tx 1.13402 1 2 3 935 
Rx 1.13418 1 1 3 1492 0
Rx 1.13449 1 2 3 935 0
Tx 1.13477 1 1 3 1492 
Tx 1.13477 1 2 3 559 
Tx 1.13502 1 2 3 1173 
Tx 1.13527 1 2 3 321 
Rx 1.13541 1 1 3 1492 0
Tx 1.13552 1 1 3 1492 
Rx 1.13616 1 1 3 1492 0
Tx 1.13652 1 1 3 1492 
Tx 1.13652 1 2 3 1291 
Tx 1.13677 1 2 3 203 
Rx 1.13718 1 1 3 1492 0
Tx 1.13752 1 1 3 1492 
Tx 1.13752 1 2 3 1007 
Tx 1.13777 1 2 3 487 
Rx 1.13818 1 1 3 1492 0
Tx 1.13827 1 2 3 578 
Tx 1.13852 1 1 3 1492 
Tx 1.13852 1 2 3 752 
Rx 1.13874 1 2 3 578 0
Tx 1.13877 1 2 3 166 
Tx 1.13902 1 2 3 1492 
Rx 1.13918 1 1 3 1492 0
Rx 1.13943 1 2 3 166 0
Rx 1.1395 1 2 3 1492 0
Tx 1.13952 1 1 3 1492 
Rx 1.14018 1 1 3 1492 0
Tx 1.14052 1 1 3 1492 
Tx 1.14052 1 2 3 841 
Tx 1.14102 1 2 3 841 
Rx 1.14118 1 1 3 1492 0
Rx 1.14159 1 2 3 841 0
Tx 1.14177 1 1 3 1492 
Tx 1.14177 1 2 3 1306 
Tx 1.14202 1 2 3 1492 
Rx 1.14232 1 1 3 1492 0
Rx 1.14234 1 2 3 1306 0
Rx 1.1425 1 2 3 1492 0
Tx 1.14252 1 1 3 1492 
Rx 1.14318 1 1 3 1492 0
Tx 1.14352 1 1 3 1492 
Tx 1.14352 1 2 3 935 
Tx 1.14377 1 2 3 559 
Rx 1.14418 1 1 3 1492 0
Rx 1.14441 1 2 3 559 0
Tx 1.14452 1 1 3 1492 
Tx 1.14452 1 2 3 1054 
Tx 1.14477 1 2 3 440 
Rx 1.14518 1 1 3 1492 0
Tx 1.14527 1 2 3 562 
Tx 1.14552 1 1 3 1492 
Tx 1.14552 1 2 3 932 
Rx 1.14577 1 2 3 562 0
Tx 1.14602 1 2 3 1492 
Rx 1.14618 1 1 3 1492 0
Rx 1.1465 1 2 3 1492 0
Tx 1.14652 1 1 3 1492 
Rx 1.14718 1 1 3 1492 0
Tx 1.14752 1 1 3 1492 
Tx 1.14752 1 2 3 1410 
Tx 1.14777 1 2 3 84 
Rx 1.14818 1 1 3 1492 0
Tx 1.14827 1 2 3 151 
Rx 1.14841 1 2 3 84 0
Tx 1.14852 1 1 3 1492 
Tx 1.14852 1 2 3 1343 
Rx 1.14875 1 2 3 151 0
Tx 1.14902 1 2 3 1492 
Rx 1.14918 1 1 3 1492 0
Tx 1.14952 1 1 3 1492 
Rx 1.15016 1 1 3 1492 0
Tx 1.15052 1 1 3 1492 
Tx 1.15052 1 2 3 935 
Tx 1.15077 1 2 3 559 
Rx 1.15118 1 2 3 935 0
Rx 1.15118 1 1 3 1492 0
Tx 1.15127 1 2 3 1054 
Rx 1.15143 1 2 3 559 0
Tx 1.15152 1 1 3 1492 
Tx 1.15152 1 2 3 440 
Rx 1.15174 1 2 3 1054 0
Tx 1.15177 1 3 3 246 
Tx 1.15177 1 4 3 246 
Tx 1.15177 1 5 3 246 
Tx 1.15177 1 6 3 246 
Tx 1.15177 1 7 3 246 
Tx 1.15202 1 2 3 1054 
Tx 1.15202 1 3 3 246 
Tx 1.15202 1 4 3 246 
Tx 1.15202 1 5 3 246 
Tx 1.15202 1 6 3 246 
Tx 1.15202 1 7 3 246 
Rx 1.15218 1 1 3 1492 0
Tx 1.15227 1 3 3 309 
Tx 1.15227 1 4 3 309 
Tx 1.15227 1 5 3 309 
Tx 1.15227 1 6 3 309 
Tx 1.15227 1 7 3 309 
Rx 1.15236 1 6 3 246 0
Rx 1.15236 1 7 3 246 0
Rx 1.15243 1 4 3 246 0
Rx 1.15243 1 5 3 246 0
Rx 1.15243 1 3 3 246 0
Tx 1.15252 1 1 3 1492 
Tx 1.15252 1 2 3 112 
Rx 1.15261 1 6 3 246 0
Rx 1.15261 1 7 3 246 0
Rx 1.15268 1 4 3 246 0
Rx 1.15268 1 5 3 246 0
Rx 1.15268 1 3 3 246 0
Rx 1.15284 1 7 3 309 0
Rx 1.15293 1 6 3 309 0
Rx 1.15293 1 4 3 309 0
Rx 1.15318 1 1 3 1492 0
Rx 1.15318 1 2 3 112 0
Tx 1.15327 1 2 3 752 
Tx 1.15352 1 1 3 1492 
Tx 1.15352 1 2 3 752 
Rx 1.15374 1 2 3 752 0
Tx 1.15377 1 2 3 322 
Tx 1.15402 1 2 3 1492 
Rx 1.15418 1 1 3 1492 0
Rx 1.15443 1 2 3 322 0
Rx 1.1545 1 2 3 1492 0
Tx 1.15452 1 1 3 1492 
Rx 1.15518 1 1 3 1492 0
Tx 1.15552 1 1 3 1492 
Tx 1.15552 1 2 3 1492 
Rx 1.15616 1 1 3 1492 0
Tx 1.15652 1 1 3 1492 
Tx 1.15652 1 2 3 1157 
Tx 1.15677 1 2 3 337 
Rx 1.15716 1 1 3 1492 0
Rx 1.15718 1 2 3 1157 0
Tx 1.15727 1 2 3 1054 
Rx 1.15738 1 2 3 337 0
Tx 1.15752 1 1 3 1492 
Tx 1.15752 1 2 3 440 
Rx 1.15774 1 2 3 1054 0
Tx 1.15802 1 2 3 1054 
Rx 1.15818 1 1 3 1492 0
Rx 1.15849 1 2 3 1054 0
Tx 1.15852 1 1 3 1492 
Tx 1.15852 1 2 3 440 
Tx 1.15902 1 2 3 1007 
Rx 1.15918 1 1 3 1492 0
Tx 1.15952 1 1 3 1492 
Tx 1.15952 1 2 3 487 
Tx 1.16002 1 2 3 841 
Rx 1.16018 1 1 3 1492 0
Rx 1.16049 1 2 3 841 0
Tx 1.16052 1 1 3 1492 
Tx 1.16052 1 2 3 653 
Tx 1.16102 1 2 3 1173 
Rx 1.16118 1 1 3 1492 0
Rx 1.16149 1 2 3 1173 0
Tx 1.16152 1 1 3 1492 
Tx 1.16152 1 2 3 321 
Tx 1.16202 1 2 3 1492 
Rx 1.16216 1 1 3 1492 0
Tx 1.16252 1 1 3 1492 
Rx 1.16315 1 1 3 1492 0
Tx 1.16352 1 1 3 1492 
Tx 1.16352 1 2 3 1030 
Tx 1.16377 1 2 3 464 
Rx 1.16416 1 1 3 1492 0
Rx 1.16418 1 2 3 1030 0
Tx 1.16427 1 2 3 752 
Rx 1.1644 1 2 3 464 0
Tx 1.16452 1 1 3 1492 
Tx 1.16452 1 2 3 742 
Rx 1.16474 1 2 3 752 0
Tx 1.16502 1 2 3 935 
Rx 1.16518 1 1 3 1492 0
Rx 1.16549 1 2 3 935 0
Tx 1.16552 1 1 3 1492 
Tx 1.16552 1 2 3 559 
Tx 1.16602 1 2 3 1054 
Rx 1.16616 1 1 3 1492 0
Tx 1.16652 1 1 3 1492 
Tx 1.16652 1 2 3 440 
Tx 1.16702 1 2 3 935 
Rx 1.16716 1 1 3 1492 0
Rx 1.16749 1 2 3 935 0
Tx 1.16752 1 1 3 1492 
Tx 1.16752 1 2 3 559 
Tx 1.16802 1 2 3 1007 
Rx 1.16816 1 1 3 1492 0
Rx 1.16849 1 2 3 1007 0
Tx 1.16852 1 1 3 1492 
Tx 1.16852 1 2 3 487 
Tx 1.16902 1 2 3 1054 
Rx 1.16918 1 1 3 1492 0
Rx 1.16949 1 2 3 1054 0
Tx 1.16952 1 1 3 1492 
Tx 1.16952 1 2 3 440 
Tx 1.17002 1 2 3 1291 
Rx 1.17018 1 1 3 1492 0
Tx 1.17052 1 1 3 1492 
Tx 1.17052 1 2 3 203 
Tx 1.17102 1 2 3 935 
Rx 1.17118 1 1 3 1492 0
Rx 1.17149 1 2 3 935 0
Tx 1.17152 1 1 3 1492 
Tx 1.17152 1 2 3 559 
Tx 1.17202 1 2 3 1291 
Rx 1.17218 1 1 3 1492 0
Tx 1.17252 1 1 3 1492 
Tx 1.17252 1 2 3 203 
Tx 1.17302 1 2 3 1054 
Rx 1.17316 1 2 3 203 0
Rx 1.17316 1 1 3 1492 0
Rx 1.17349 1 2 3 1054 0
Tx 1.17352 1 1 3 1492 
Tx 1.17352 1 2 3 440 
Tx 1.17402 1 2 3 1410 
Rx 1.17415 1 1 3 1492 0
Tx 1.17452 1 1 3 1492 
Tx 1.17452 1 2 3 84 
Tx 1.17502 1 2 3 935 
Rx 1.17516 1 1 3 1492 0
Rx 1.17549 1 2 3 935 0
Tx 1.17552 1 1 3 1492 
Tx 1.17552 1 2 3 559 
Tx 1.17602 1 2 3 1054 
Rx 1.17618 1 1 3 1492 0
Rx 1.17649 1 2 3 1054 0
Tx 1.17652 1 1 3 1492 
Tx 1.17652 1 2 3 440 
Tx 1.17702 1 2 3 1410 
Rx 1.17716 1 1 3 1492 0
Tx 1.17752 1 1 3 1492 
Tx 1.17752 1 2 3 84 
Tx 1.17802 1 2 3 752 
Tx 1.17802 1 3 3 372 
Tx 1.17802 1 4 3 372 
Tx 1.17802 1 5 3 372 
Tx 1.17802 1 6 3 372 
Tx 1.17802 1 7 3 372 
Rx 1.17816 1 1 3 1492 0
Rx 1.17818 1 2 3 84 0
Tx 1.17827 1 3 3 372 
Tx 1.17827 1 4 3 372 
Tx 1.17827 1 5 3 372 
Tx 1.17827 1 6 3 372 
Tx 1.17827 1 7 3 372 
Tx 1.17852 1 1 3 1492 
Tx 1.17852 1 2 3 742 
Tx 1.17852 1 3 3 309 
Tx 1.17852 1 4 3 309 
Tx 1.17852 1 5 3 309 
Tx 1.17852 1 6 3 309 
Tx 1.17852 1 7 3 309 
Rx 1.17857 1 7 3 372 0
Rx 1.17857 1 6 3 372 0
Rx 1.17859 1 2 3 752 0
Rx 1.17868 1 3 3 372 0
Rx 1.17868 1 4 3 372 0
Rx 1.17868 1 5 3 372 0
Tx 1.17877 1 3 3 586 
Tx 1.17877 1 4 3 5899 
Tx 1.17877 1 5 3 7079 
Tx 1.17877 1 6 3 10860 
Tx 1.17877 1 7 3 7669 
Rx 1.17882 1 7 3 372 0
Rx 1.17893 1 6 3 372 0
Tx 1.17902 1 2 3 1492 
Rx 1.17902 1 1 3 1492 0
Rx 1.17909 1 7 3 309 0
Rx 1.17918 1 6 3 309 0
Rx 1.17943 1 6 3 10860 0
Tx 1.17952 1 1 3 1492 
Rx 1.17966 1 2 3 1492 0
Rx 1.18018 1 1 3 1492 0
Tx 1.18052 1 1 3 1492 
Tx 1.18052 1 2 3 1492 
Rx 1.18116 1 1 3 1492 0
Rx 1.18118 1 2 3 1492 0
Tx 1.18152 1 1 3 1492 
Tx 1.18152 1 2 3 1291 
Tx 1.18177 1 2 3 203 
Rx 1.18218 1 1 3 1492 0
Tx 1.18227 1 2 3 1007 
Tx 1.18252 1 1 3 1492 
Tx 1.18252 1 2 3 487 
Rx 1.18293 1 2 3 1007 0
Tx 1.18302 1 2 3 1007 
Rx 1.18318 1 1 3 1492 0
Rx 1.18318 1 2 3 487 0
Rx 1.18349 1 2 3 1007 0
Tx 1.18352 1 1 3 1492 
Tx 1.18352 1 2 3 487 
Tx 1.18402 1 2 3 1492 
Rx 1.18418 1 1 3 1492 0
Tx 1.18452 1 1 3 1492 
Rx 1.18515 1 1 3 1492 0
Tx 1.18552 1 1 3 1492 
Tx 1.18552 1 2 3 1492 
Rx 1.18616 1 1 3 1492 0
Tx 1.18652 1 1 3 1492 
Tx 1.18652 1 2 3 1492 
Rx 1.18716 1 1 3 1492 0
Tx 1.18752 1 1 3 1492 
Tx 1.18752 1 2 3 1492 
Rx 1.18816 1 1 3 1492 0
Rx 1.18818 1 2 3 1492 0
Tx 1.18852 1 1 3 1492 
Tx 1.18852 1 2 3 1007 
Tx 1.18877 1 2 3 487 
Rx 1.18918 1 1 3 1492 0
Rx 1.18943 1 2 3 487 0
Tx 1.18952 1 1 3 1492 
Tx 1.18952 1 2 3 1492 
Rx 1.19016 1 1 3 1492 0
Tx 1.19052 1 1 3 1492 
Tx 1.19052 1 2 3 935 
Tx 1.19077 1 2 3 559 
Rx 1.19118 1 1 3 1492 0
Rx 1.19118 1 2 3 935 0
Tx 1.19127 1 2 3 935 
Rx 1.19143 1 2 3 559 0
Tx 1.19152 1 1 3 1492 
Tx 1.19152 1 2 3 559 
Rx 1.19193 1 2 3 935 0
Tx 1.19202 1 2 3 1054 
Rx 1.19218 1 2 3 559 0
Rx 1.19218 1 1 3 1492 0
Rx 1.19249 1 2 3 1054 0
Tx 1.19277 1 1 3 1492 
Tx 1.19277 1 2 3 440 
Tx 1.19302 1 2 3 1054 
Tx 1.19327 1 2 3 440 
Rx 1.19341 1 1 3 1492 0
Rx 1.19349 1 2 3 1054 0
Tx 1.19352 1 1 3 1492 
Rx 1.19418 1 1 3 1492 0
Tx 1.19452 1 1 3 1492 
Tx 1.19452 1 2 3 1007 
Tx 1.19477 1 2 3 487 
Rx 1.19518 1 1 3 1492 0
Rx 1.19543 1 2 3 487 0
Tx 1.19552 1 1 3 1492 
Tx 1.19552 1 2 3 1291 
Tx 1.19577 1 2 3 203 
Rx 1.19618 1 1 3 1492 0
Tx 1.19627 1 2 3 841 
Tx 1.19652 1 1 3 1492 
Tx 1.19652 1 2 3 653 
Tx 1.19702 1 2 3 752 
Rx 1.19718 1 1 3 1492 0
Rx 1.19749 1 2 3 752 0
Tx 1.19752 1 1 3 1492 
Tx 1.19752 1 2 3 742 
Tx 1.19802 1 2 3 1492 
Rx 1.19818 1 1 3 1492 0
Rx 1.1985 1 2 3 1492 0
Tx 1.19852 1 1 3 1492 
Rx 1.19918 1 1 3 1492 0
Tx 1.19952 1 1 3 1492 
Tx 1.19952 1 2 3 841 
Tx 1.19977 1 2 3 653 
